Fixer	Generator	Tagger	Clerk	Archiver	Advisor 	Connector	Protector	Notifier 	botname
1.0	0.0	0.0	0.0	0.0	0.0	0.0	0.0	0.0	1VeertjeBot
1.0	0.0	0.0	1.0	0.0	0.0	0.0	1.0	0.0	28bot
1.0	0.0	0.0	0.0	0.0	0.0	0.0	0.0	0.0	3RRBot
1.0	0.0	0.0	1.0	0.0	0.0	0.0	0.0	0.0	718 Bot
1.0	0.0	0.0	0.0	0.0	0.0	0.0	0.0	0.0	7SeriesBOT
0.0	0.0	0.0	1.0	0.0	0.0	0.0	0.0	0.0	A bot called Bob
1.0	0.0	0.0	0.0	0.0	0.0	1.0	0.0	0.0	A-lú-mih-bot
1.0	0.0	0.0	0.0	0.0	0.0	1.0	0.0	0.0	A4bot
0.0	0.0	0.0	1.0	1.0	0.0	0.0	0.0	1.0	AAlertBot
1.0	0.0	0.0	1.0	0.0	0.0	1.0	0.0	0.0	ABot
1.0	0.0	0.0	0.0	0.0	0.0	1.0	0.0	0.0	AEBot
1.0	0.0	0.0	0.0	0.0	0.0	0.0	0.0	0.0	AFCbot
1.0	0.0	0.0	1.0	0.0	0.0	1.0	0.0	0.0	AFD Bot
1.0	0.0	0.0	0.0	0.0	0.0	0.0	0.0	0.0	AGbot
1.0	0.0	0.0	0.0	0.0	0.0	1.0	0.0	0.0	AHbot
1.0	0.0	0.0	1.0	0.0	0.0	1.0	0.0	0.0	AIDbot
1.0	0.0	0.0	0.0	0.0	0.0	1.0	0.0	0.0	AMABot
0.0	0.0	1.0	1.0	0.0	0.0	0.0	0.0	0.0	AMbot
1.0	0.0	0.0	1.0	0.0	0.0	0.0	0.0	0.0	AP.BOT
1.0	0.0	0.0	0.0	0.0	0.0	1.0	0.0	0.0	ARSBot
1.0	0.0	0.0	0.0	0.0	0.0	1.0	0.0	0.0	ASammourBot
1.0	0.0	0.0	1.0	0.0	0.0	1.0	0.0	0.0	AVBOT
1.0	0.0	0.0	0.0	0.0	0.0	0.0	0.0	0.0	AVdiscuBOT
0.0	0.0	0.0	1.0	1.0	0.0	0.0	0.0	0.0	AWeenieBot
1.0	0.0	0.0	1.0	0.0	0.0	1.0	0.0	0.0	AZPR
1.0	0.0	0.0	1.0	0.0	0.0	1.0	0.0	0.0	AZatBot~enwiki
1.0	0.0	1.0	1.0	1.0	0.0	1.0	0.0	0.0	Abotzi
0.0	0.0	0.0	0.0	1.0	0.0	0.0	0.0	0.0	AccReqBot
0.0	0.0	0.0	1.0	1.0	0.0	0.0	0.0	0.0	Acebot
1.0	0.0	0.0	0.0	0.0	0.0	1.0	0.0	0.0	AdambroBot
1.0	0.0	0.0	0.0	0.0	0.0	1.0	0.0	0.0	Addbot
1.0	0.0	0.0	0.0	0.0	0.0	1.0	0.0	0.0	Addihockey10 (automated)
1.0	0.0	0.0	0.0	0.0	0.0	1.0	0.0	0.0	AddihockeyBot
1.0	0.0	0.0	0.0	0.0	0.0	0.0	0.0	0.0	Adithyakbot
1.0	0.0	0.0	0.0	0.0	0.0	1.0	0.0	0.0	Adlerbot
0.0	0.0	0.0	1.0	0.0	0.0	1.0	0.0	0.0	AdminStatsBot
1.0	0.0	0.0	0.0	0.0	0.0	1.0	0.0	0.0	Admrbot
1.0	0.0	0.0	0.0	0.0	0.0	0.0	0.0	0.0	Adrián Neves Bot
0.0	0.0	0.0	1.0	0.0	0.0	0.0	0.0	0.0	AfDBot
1.0	0.0	0.0	1.0	0.0	0.0	1.0	0.0	0.0	AfDStatBot
0.0	0.0	1.0	0.0	0.0	0.0	0.0	0.0	0.0	AfdlBot
1.0	0.0	0.0	1.0	0.0	0.0	1.0	0.0	0.0	Afkbot
1.0	0.0	0.0	1.0	0.0	0.0	1.0	0.0	0.0	AftabBot
1.0	0.0	0.0	0.0	0.0	0.0	0.0	0.0	0.0	Ahechtbot
1.0	0.0	0.0	0.0	0.0	0.0	1.0	0.0	0.0	Aibot
0.0	0.0	1.0	0.0	0.0	0.0	0.0	0.0	0.0	AilurophobiaBot
1.0	0.0	0.0	0.0	0.0	0.0	1.0	0.0	0.0	AiuwBot
1.0	0.0	0.0	0.0	0.0	0.0	1.0	0.0	0.0	AkhtaBot
1.0	0.0	0.0	0.0	0.0	0.0	1.0	0.0	0.0	Aksibot
1.0	0.0	1.0	1.0	0.0	0.0	0.0	0.0	0.0	Alaibot
1.0	0.0	0.0	0.0	0.0	0.0	1.0	0.0	0.0	AlaibotToo
0.0	0.0	1.0	0.0	0.0	0.0	0.0	0.0	0.0	AlanBOT
1.0	0.0	0.0	0.0	0.0	0.0	1.0	0.0	0.0	Albambot
1.0	0.0	0.0	1.0	0.0	0.0	0.0	0.0	0.0	Albotim
1.0	0.0	0.0	0.0	0.0	0.0	1.0	0.0	0.0	Alch Bot
0.0	0.0	1.0	0.0	1.0	0.0	0.0	0.0	0.0	Ale jrb bot
0.0	0.0	0.0	0.0	1.0	0.0	0.0	0.0	0.0	AlexNewArtBot
1.0	0.0	0.0	0.0	0.0	0.0	1.0	0.0	0.0	Alexbot
1.0	0.0	1.0	1.0	1.0	0.0	1.0	0.0	0.0	Alirezabot
1.0	0.0	0.0	0.0	0.0	0.0	0.0	0.0	0.0	AllaSmackBot
1.0	0.0	0.0	0.0	0.0	0.0	1.0	0.0	0.0	AlleborgoBot
1.0	0.0	0.0	0.0	0.0	0.0	1.0	0.0	0.0	Almabot
1.0	0.0	0.0	0.0	0.0	0.0	1.0	0.0	0.0	AlnoktaBOT
1.0	0.0	0.0	0.0	0.0	0.0	1.0	0.0	0.0	AloysiusLiliusBot
1.0	0.0	1.0	0.0	0.0	0.0	1.0	0.0	0.0	Alph Bot
0.0	0.0	1.0	1.0	1.0	0.0	0.0	0.0	0.0	Alphachimpbot
1.0	0.0	0.0	0.0	0.0	0.0	1.0	0.0	0.0	AlptaBot
1.0	0.0	0.0	1.0	0.0	0.0	1.0	0.0	0.0	AlptaSandboxBot
1.0	0.0	0.0	1.0	0.0	0.0	1.0	0.0	0.0	AlyBot
0.0	0.0	1.0	1.0	1.0	0.0	0.0	0.0	0.0	Amalthea (bot)
1.0	0.0	0.0	0.0	0.0	0.0	1.0	0.0	0.0	AmeliorationBot
1.0	0.0	0.0	0.0	0.0	0.0	0.0	0.0	0.0	AmigaBot
1.0	0.0	0.0	0.0	0.0	0.0	1.0	0.0	0.0	Amirobot
1.0	0.0	0.0	0.0	0.0	0.0	1.0	0.0	0.0	Amolbot
1.0	0.0	0.0	0.0	0.0	0.0	1.0	0.0	0.0	AmphBot
1.0	0.0	0.0	0.0	0.0	0.0	1.0	0.0	0.0	Analphabot
1.0	0.0	0.0	0.0	0.0	0.0	1.0	0.0	0.0	Anchor Link Bot
1.0	0.0	0.0	0.0	0.0	0.0	1.0	0.0	0.0	AndersBot
1.0	0.0	0.0	0.0	0.0	0.0	0.0	0.0	0.0	Andrea105Bot
1.0	0.0	0.0	0.0	0.0	0.0	1.0	0.0	0.0	AndreasJSbot
1.0	0.0	0.0	0.0	0.0	0.0	1.0	0.0	0.0	Andrewbot
1.0	0.0	1.0	0.0	0.0	0.0	0.0	0.0	0.0	Android Mouse Bot
0.0	0.0	0.0	0.0	0.0	0.0	0.0	0.0	1.0	Android Mouse Bot 2
1.0	0.0	0.0	0.0	0.0	0.0	1.0	0.0	0.0	Android Mouse Bot 3
1.0	0.0	0.0	0.0	0.0	0.0	1.0	0.0	0.0	Android Mouse Bot 4
1.0	0.0	0.0	1.0	0.0	0.0	1.0	0.0	0.0	AndymwBot
1.0	0.0	0.0	1.0	0.0	0.0	1.0	0.0	0.0	AngBot
1.0	0.0	0.0	0.0	0.0	0.0	0.0	0.0	0.0	AniBot
0.0	0.0	0.0	1.0	1.0	0.0	0.0	0.0	0.0	Anibot
1.0	0.0	1.0	1.0	0.0	0.0	0.0	0.0	0.0	AnkitAWB
1.0	0.0	0.0	1.0	1.0	0.0	0.0	0.0	0.0	AnomieBOT
1.0	0.0	0.0	1.0	0.0	0.0	1.0	0.0	0.0	AnomieBOT II
1.0	0.0	0.0	0.0	0.0	0.0	0.0	0.0	0.0	AnomieBOT III
1.0	0.0	0.0	0.0	0.0	0.0	1.0	0.0	0.0	Anonymoususerdaily
0.0	0.0	0.0	1.0	0.0	0.0	0.0	0.0	0.0	AntiAbuseBot
1.0	0.0	0.0	0.0	0.0	0.0	0.0	1.0	0.0	AntiSpamBot
1.0	0.0	0.0	0.0	0.0	0.0	0.0	1.0	0.0	AntiVandalBot
1.0	0.0	0.0	0.0	0.0	0.0	0.0	0.0	0.0	AntidereBot
1.0	0.0	0.0	0.0	0.0	0.0	0.0	0.0	0.0	Antime Bot I~enwiki
1.0	0.0	1.0	0.0	0.0	0.0	0.0	0.0	0.0	Antischmitzbot
0.0	1.0	0.0	0.0	0.0	0.0	0.0	0.0	0.0	Anybot
1.0	0.0	0.0	1.0	0.0	0.0	1.0	0.0	0.0	Aplikasi-Bot
1.0	0.0	0.0	0.0	0.0	0.0	0.0	0.0	0.0	Apocatequil~enwiki
1.0	0.0	0.0	1.0	0.0	0.0	1.0	0.0	0.0	Apostrobot
0.0	0.0	0.0	1.0	0.0	0.0	0.0	0.0	0.0	ArbComBot
0.0	0.0	1.0	0.0	0.0	0.0	0.0	0.0	0.0	Arbitrarily0Bot
1.0	0.0	0.0	0.0	0.0	0.0	0.0	0.0	0.0	ArkyBot
1.0	0.0	0.0	0.0	0.0	0.0	0.0	0.0	0.0	ArmadilloProcessBot
1.0	0.0	0.0	0.0	0.0	0.0	1.0	0.0	0.0	Armanbot
1.0	0.0	1.0	0.0	0.0	0.0	0.0	0.0	0.0	ArmbrustBot
1.0	0.0	0.0	0.0	0.0	0.0	1.0	0.0	0.0	ArshavaBot
1.0	0.0	1.0	0.0	0.0	0.0	1.0	0.0	0.0	ArthurBot
0.0	0.0	0.0	0.0	0.0	0.0	0.0	0.0	1.0	ArticleAlertbot
1.0	0.0	0.0	0.0	0.0	0.0	1.0	0.0	0.0	ArticleGrinder
1.0	0.0	0.0	0.0	0.0	0.0	0.0	0.0	0.0	ArticleListBot
0.0	0.0	1.0	1.0	0.0	1.0	0.0	0.0	0.0	ArticlesForCreationBot
1.0	0.0	0.0	1.0	0.0	0.0	1.0	0.0	0.0	AsenineBot
1.0	0.0	0.0	0.0	0.0	0.0	1.0	0.0	0.0	AsgardBot
1.0	0.0	0.0	0.0	0.0	0.0	0.0	0.0	0.0	AstRoBot
1.0	0.0	0.0	0.0	0.0	0.0	1.0	0.0	0.0	AstaBOTh15
1.0	0.0	0.0	0.0	0.0	0.0	1.0	0.0	0.0	AswnBot
1.0	0.0	0.0	0.0	0.0	0.0	1.0	0.0	0.0	AudeBot
1.0	0.0	0.0	0.0	0.0	0.0	1.0	0.0	0.0	AusTerrapinBotEdits
1.0	0.0	0.0	0.0	0.0	0.0	1.0	0.0	0.0	Autobot
1.0	0.0	0.0	0.0	0.0	0.0	1.0	0.0	0.0	AutocracyBot
1.0	0.0	0.0	0.0	0.0	0.0	1.0	0.0	0.0	Autotitlechange
1.0	0.0	1.0	1.0	0.0	0.0	0.0	0.0	0.0	AvicBot
0.0	0.0	1.0	0.0	1.0	0.0	0.0	0.0	0.0	AvicBot2
1.0	0.0	0.0	0.0	0.0	0.0	1.0	0.0	0.0	AvocatoBot
1.0	0.0	0.0	0.0	0.0	0.0	1.0	0.0	0.0	AwOcBot
1.0	0.0	0.0	0.0	0.0	0.0	1.0	0.0	0.0	AzaBot
0.0	0.0	1.0	0.0	0.0	0.0	0.0	0.0	1.0	B-bot
1.0	0.0	0.0	0.0	0.0	0.0	0.0	0.0	0.0	BAGBot
1.0	0.0	0.0	0.0	0.0	0.0	1.0	0.0	0.0	BD2412bot
0.0	0.0	1.0	0.0	0.0	0.0	0.0	0.0	0.0	BG19bot
1.0	0.0	1.0	0.0	0.0	0.0	0.0	0.0	0.0	BHGbot
0.0	0.0	0.0	0.0	0.0	0.0	0.0	1.0	0.0	BJBot
1.0	0.0	0.0	1.0	0.0	0.0	0.0	0.0	1.0	BLPWatchBot
1.0	0.0	0.0	0.0	0.0	0.0	1.0	0.0	0.0	BOT-Superzerocool
1.0	0.0	0.0	0.0	0.0	0.0	1.0	0.0	0.0	BOTarate
0.0	1.0	0.0	0.0	1.0	0.0	0.0	0.0	0.0	BOTijo
1.0	0.0	0.0	0.0	0.0	0.0	0.0	0.0	0.0	BSqure
1.0	0.0	1.0	1.0	0.0	0.0	0.0	0.0	0.0	BU RoBOT
1.0	0.0	0.0	1.0	0.0	0.0	1.0	0.0	0.0	Babylon5~enwiki
1.0	0.0	0.0	0.0	0.0	0.0	1.0	0.0	0.0	BacDiveBot
1.0	0.0	0.0	0.0	0.0	0.0	0.0	0.0	0.0	BackfireBot
1.0	0.0	0.0	0.0	0.0	0.0	1.0	0.0	0.0	BackfireBotII
1.0	0.0	1.0	1.0	1.0	0.0	1.0	0.0	0.0	BadCitationBot
1.0	0.0	0.0	0.0	0.0	0.0	1.0	0.0	0.0	BaldBot
1.0	0.0	0.0	0.0	0.0	0.0	1.0	0.0	0.0	BannerBot
1.0	0.0	0.0	0.0	0.0	0.0	0.0	0.0	0.0	BarkBot
0.0	0.0	1.0	0.0	1.0	0.0	0.0	0.0	0.0	BatreeqbotPro
1.0	0.0	1.0	0.0	0.0	0.0	0.0	0.0	0.0	BattyBot
1.0	0.0	0.0	0.0	0.0	0.0	1.0	0.0	0.0	BazookaBot
1.0	0.0	0.0	0.0	0.0	0.0	1.0	0.0	0.0	Bean49Bot
1.0	0.0	0.0	1.0	0.0	0.0	1.0	0.0	0.0	Beastie Bot
1.0	0.0	0.0	0.0	0.0	0.0	0.0	0.0	0.0	BegbertsBot
0.0	0.0	1.0	0.0	1.0	0.0	0.0	0.0	0.0	Bellezzasolo Bot
1.0	0.0	0.0	0.0	0.0	0.0	1.0	0.0	0.0	BendelacBOT
1.0	0.0	0.0	0.0	0.0	0.0	0.0	0.0	0.0	Bender the Bot
1.0	0.0	0.0	1.0	0.0	0.0	1.0	0.0	0.0	BenjBot
1.0	0.0	0.0	1.0	0.0	0.0	1.0	0.0	0.0	BenoniBot~enwiki
1.0	0.0	0.0	0.0	0.0	0.0	1.0	0.0	0.0	BenzolBot
1.0	0.0	0.0	0.0	0.0	0.0	1.0	0.0	0.0	BepBot
1.0	0.0	0.0	0.0	0.0	0.0	0.0	0.0	0.0	BernsteinBot
1.0	0.0	0.0	0.0	0.0	0.0	1.0	0.0	0.0	Bersibot
1.0	0.0	0.0	0.0	0.0	0.0	1.0	0.0	0.0	BetBot~enwiki
1.0	0.0	0.0	0.0	0.0	0.0	1.0	0.0	0.0	BezkingBot
1.0	0.0	0.0	0.0	0.0	0.0	1.0	0.0	0.0	BezkingBot-Link
1.0	0.0	1.0	0.0	0.0	0.0	0.0	0.0	0.0	Bibcode Bot
1.0	0.0	0.0	0.0	0.0	0.0	1.0	0.0	0.0	Bikabot
1.0	0.0	0.0	0.0	0.0	0.0	0.0	0.0	0.0	BlackDart
1.0	0.0	0.0	0.0	0.0	0.0	0.0	0.0	0.0	BlackDemon2
1.0	0.0	0.0	0.0	0.0	0.0	1.0	0.0	0.0	BlackpoolFCBot
1.0	0.0	0.0	1.0	0.0	0.0	1.0	0.0	0.0	BlevintronBot
1.0	0.0	0.0	0.0	0.0	0.0	1.0	0.0	0.0	Blood Oath Bot
1.0	0.0	0.0	0.0	0.0	0.0	1.0	0.0	0.0	BlueRobot~enwiki
1.0	0.0	0.0	1.0	0.0	0.0	1.0	1.0	0.0	Bluebot
1.0	0.0	0.0	0.0	0.0	0.0	0.0	0.0	0.0	BoBot
1.0	0.0	0.0	0.0	0.0	0.0	0.0	0.0	0.0	Bobergerbot
1.0	0.0	0.0	0.0	0.0	0.0	1.0	0.0	0.0	Bocianski.bot
1.0	0.0	0.0	0.0	0.0	0.0	1.0	0.0	0.0	BodhisattvaBot
0.0	1.0	0.0	0.0	0.0	0.0	1.0	0.0	0.0	BogBot
1.0	0.0	0.0	0.0	0.0	0.0	1.0	0.0	0.0	BokimBot
1.0	0.0	0.0	1.0	0.0	0.0	1.0	0.0	0.0	BolatbekBot
1.0	0.0	0.0	0.0	0.0	0.0	1.0	0.0	0.0	Bolling26
1.0	0.0	0.0	0.0	0.0	0.0	0.0	0.0	0.0	Bonabot
0.0	0.0	0.0	1.0	0.0	0.0	0.0	0.0	0.0	Bookbot
0.0	0.0	1.0	0.0	0.0	0.0	0.0	0.0	0.0	BorgardeBot
1.0	0.0	0.0	0.0	0.0	0.0	1.0	0.0	0.0	BoricuaBot
1.0	0.0	0.0	0.0	0.0	0.0	0.0	0.0	0.0	Bot FH
1.0	0.0	0.0	1.0	0.0	0.0	1.0	0.0	0.0	Bot for Justice
1.0	0.0	0.0	0.0	0.0	0.0	0.0	0.0	0.0	Bot van der Hoorn
1.0	0.0	0.0	0.0	0.0	0.0	1.0	0.0	0.0	Bot-Schafter
1.0	0.0	0.0	1.0	0.0	0.0	1.0	0.0	0.0	Bot-chan-II
1.0	0.0	0.0	1.0	0.0	0.0	1.0	0.0	0.0	Bot-chan~enwiki
1.0	0.0	0.0	1.0	0.0	0.0	0.0	0.0	0.0	Bot0612
1.0	0.0	1.0	0.0	0.0	0.0	1.0	0.0	0.0	Bot1058
1.0	0.0	1.0	1.0	0.0	0.0	1.0	0.0	1.0	Bot11598
1.0	0.0	1.0	0.0	0.0	0.0	0.0	0.0	0.0	Bot24
1.0	0.0	0.0	0.0	0.0	0.0	1.0	0.0	0.0	Bot523
1.0	0.0	0.0	0.0	0.0	0.0	1.0	0.0	0.0	BotChristophe
1.0	0.0	0.0	0.0	0.0	0.0	1.0	0.0	0.0	BotCompuGeek
0.0	0.0	0.0	0.0	0.0	0.0	1.0	0.0	0.0	BotKung
1.0	0.0	1.0	1.0	1.0	0.0	1.0	0.0	0.0	BotMultichill
1.0	0.0	0.0	0.0	0.0	0.0	1.0	0.0	0.0	BotMultichillT
1.0	0.0	0.0	0.0	0.0	0.0	1.0	0.0	0.0	BotPuppet
1.0	0.0	0.0	0.0	0.0	0.0	1.0	0.0	0.0	BotSottile
1.0	0.0	0.0	0.0	0.0	0.0	1.0	0.0	0.0	Botalex
1.0	0.0	1.0	1.0	1.0	0.0	0.0	0.0	0.0	BotanyBot
1.0	0.0	0.0	0.0	0.0	0.0	1.0	0.0	0.0	BotdeSki
1.0	0.0	0.0	0.0	0.0	0.0	0.0	0.0	0.0	Boten Anna
1.0	0.0	0.0	1.0	0.0	0.0	1.0	0.0	0.0	Botlaf
1.0	0.0	0.0	0.0	0.0	0.0	1.0	0.0	0.0	Botodo
1.0	0.0	0.0	1.0	0.0	0.0	1.0	0.0	0.0	Botones
1.0	0.0	0.0	0.0	0.0	0.0	1.0	0.0	0.0	Botpankonin
1.0	0.0	0.0	0.0	0.0	0.0	0.0	0.0	0.0	Botrie
1.0	0.0	0.0	0.0	0.0	0.0	1.0	0.0	0.0	Botryoidal
1.0	0.0	0.0	0.0	0.0	0.0	1.0	0.0	0.0	Botx
1.0	0.0	0.0	0.0	0.0	0.0	1.0	0.0	0.0	Botz~enwiki
1.0	0.0	0.0	1.0	0.0	0.0	0.0	0.0	0.0	BoxCrawler
0.0	0.0	0.0	0.0	0.0	0.0	0.0	0.0	1.0	BracketBot
0.0	0.0	0.0	1.0	0.0	0.0	0.0	0.0	0.0	BraincricketBot
1.0	0.0	0.0	0.0	0.0	0.0	1.0	0.0	0.0	BrainistBot
1.0	0.0	0.0	0.0	0.0	0.0	0.0	0.0	0.0	BrandonBot
1.0	0.0	0.0	0.0	0.0	0.0	1.0	0.0	0.0	Broadbot
1.0	0.0	0.0	0.0	0.0	0.0	1.0	0.0	0.0	BrokenAnchorBot
1.0	0.0	0.0	0.0	0.0	0.0	0.0	0.0	1.0	BrownBot
0.0	0.0	0.0	1.0	0.0	0.0	0.0	0.0	0.0	BryanBot
0.0	0.0	1.0	0.0	0.0	0.0	0.0	0.0	0.0	BsherrAWBBOT
1.0	0.0	0.0	0.0	0.0	0.0	1.0	0.0	0.0	BumlaBot
1.0	0.0	0.0	0.0	0.0	0.0	1.0	0.0	0.0	Byrialbot
1.0	0.0	0.0	0.0	0.0	0.0	1.0	0.0	0.0	BücherBot
0.0	0.0	0.0	1.0	0.0	0.0	0.0	0.0	0.0	CAT:TEMP deletion bot
1.0	0.0	0.0	0.0	0.0	0.0	0.0	0.0	0.0	CJBot
0.0	0.0	0.0	0.0	1.0	0.0	0.0	0.0	0.0	CLT20RecordsUpdateBot
1.0	0.0	0.0	0.0	0.0	0.0	0.0	0.0	0.0	CMoonBot
1.0	1.0	1.0	1.0	0.0	0.0	1.0	0.0	0.0	COBot
0.0	0.0	0.0	0.0	0.0	0.0	0.0	1.0	1.0	COIBot
1.0	0.0	0.0	0.0	0.0	0.0	1.0	0.0	0.0	CSBot
1.0	0.0	0.0	0.0	0.0	0.0	0.0	0.0	0.0	CSDCheckBot
0.0	0.0	0.0	0.0	0.0	0.0	0.0	0.0	1.0	CSDWarnBot
1.0	0.0	0.0	0.0	0.0	0.0	0.0	0.0	0.0	CX42 Bot
0.0	0.0	0.0	0.0	0.0	0.0	1.0	0.0	1.0	CactusBot
1.0	0.0	0.0	0.0	0.0	0.0	1.0	0.0	0.0	CalakBot
1.0	0.0	0.0	0.0	0.0	0.0	0.0	0.0	0.0	CanaryBot
0.0	0.0	0.0	1.0	0.0	0.0	0.0	0.0	0.0	CanisRufus
1.0	0.0	0.0	0.0	0.0	0.0	0.0	0.0	0.0	CapitalBot
0.0	0.0	1.0	0.0	1.0	0.0	0.0	0.0	0.0	CarnivorousBot
1.0	0.0	0.0	0.0	0.0	0.0	1.0	0.0	0.0	CarsracBot
1.0	0.0	0.0	0.0	0.0	0.0	1.0	0.0	0.0	CataBotTsirel
1.0	0.0	0.0	0.0	0.0	0.0	1.0	0.0	0.0	Caypartisbot
1.0	0.0	0.0	0.0	0.0	0.0	1.0	0.0	0.0	CbmBOT
1.0	0.0	0.0	0.0	0.0	0.0	0.0	0.0	0.0	CekPotBot
1.0	0.0	0.0	0.0	0.0	0.0	1.0	0.0	0.0	Cellistbot
1.0	0.0	1.0	0.0	0.0	0.0	1.0	0.0	0.0	CensusBot
1.0	0.0	1.0	0.0	0.0	0.0	1.0	0.0	0.0	Cerabot~enwiki
1.0	0.0	0.0	0.0	0.0	0.0	1.0	0.0	0.0	Cewbot
1.0	0.0	0.0	0.0	0.0	0.0	1.0	0.0	0.0	ChandlerMapBot
1.0	0.0	0.0	0.0	0.0	0.0	0.0	0.0	0.0	Chartbot
1.0	0.0	0.0	0.0	0.0	0.0	1.0	0.0	0.0	ChayitaBOT
1.0	0.0	0.0	0.0	0.0	0.0	0.0	0.0	1.0	CheMoBot
1.0	0.0	0.0	0.0	0.0	0.0	1.0	0.0	0.0	Cheers!-bot
0.0	0.0	1.0	0.0	0.0	0.0	0.0	0.0	0.0	Chem-awb
1.0	0.0	0.0	0.0	0.0	0.0	1.0	0.0	0.0	ChenzwBot
1.0	0.0	0.0	0.0	0.0	0.0	1.0	0.0	0.0	Cherybot
1.0	0.0	0.0	0.0	0.0	0.0	1.0	0.0	0.0	ChessBOT
1.0	0.0	0.0	0.0	0.0	0.0	0.0	0.0	0.0	Chlewbot
1.0	0.0	0.0	0.0	0.0	0.0	1.0	0.0	0.0	Chobot
0.0	0.0	0.0	1.0	0.0	0.0	0.0	0.0	0.0	ChoreBot
1.0	0.0	1.0	1.0	0.0	0.0	0.0	0.0	0.0	Chris G Bot
0.0	0.0	0.0	1.0	0.0	0.0	0.0	0.0	0.0	Chris G Bot 2
0.0	0.0	0.0	1.0	0.0	0.0	0.0	0.0	0.0	Chris G Bot 3
1.0	0.0	0.0	0.0	0.0	0.0	1.0	0.0	0.0	Chrisbot
0.0	0.0	0.0	0.0	0.0	0.0	1.0	0.0	0.0	ChuispastonBot
1.0	0.0	1.0	0.0	0.0	0.0	0.0	0.0	0.0	ChzzBot
1.0	0.0	0.0	0.0	0.0	0.0	0.0	0.0	0.0	ChzzBot II
1.0	0.0	0.0	0.0	0.0	0.0	1.0	0.0	0.0	CinemaBot
1.0	0.0	0.0	0.0	0.0	0.0	1.0	0.0	0.0	Citation bot
1.0	0.0	0.0	0.0	0.0	0.0	1.0	0.0	0.0	Citation bot 1
1.0	0.0	0.0	0.0	0.0	0.0	1.0	0.0	0.0	Citation bot 2
1.0	0.0	0.0	0.0	0.0	0.0	0.0	0.0	0.0	Citation bot 3
1.0	0.0	0.0	0.0	0.0	0.0	0.0	0.0	0.0	Citation bot 4
1.0	0.0	0.0	0.0	0.0	0.0	1.0	0.0	0.0	Citation bot test
1.0	0.0	0.0	1.0	0.0	0.0	0.0	0.0	0.0	CitationCleanerBot
1.0	0.0	0.0	0.0	1.0	0.0	1.0	0.0	0.0	CitationTool
0.0	0.0	0.0	1.0	0.0	0.0	0.0	0.0	0.0	CleanBot
1.0	0.0	0.0	0.0	0.0	0.0	1.0	0.0	0.0	CleanupListingBot
0.0	0.0	1.0	0.0	1.0	0.0	0.0	0.0	0.0	CleanupWorklistBot
1.0	0.0	0.0	0.0	0.0	0.0	1.0	0.0	0.0	ClickBot
1.0	0.0	0.0	0.0	0.0	0.0	1.0	0.0	0.0	CloudNineBot
1.0	0.0	0.0	0.0	0.0	0.0	0.0	1.0	1.0	ClueBot
1.0	0.0	0.0	1.0	0.0	0.0	1.0	0.0	0.0	ClueBot Commons
1.0	0.0	0.0	0.0	0.0	0.0	0.0	0.0	0.0	ClueBot II
1.0	0.0	0.0	1.0	1.0	0.0	0.0	0.0	0.0	ClueBot III
1.0	0.0	0.0	0.0	0.0	0.0	0.0	0.0	0.0	ClueBot IV
1.0	0.0	0.0	0.0	0.0	0.0	0.0	1.0	1.0	ClueBot NG
1.0	0.0	0.0	0.0	0.0	0.0	0.0	0.0	0.0	ClueBot V
0.0	0.0	1.0	1.0	0.0	0.0	0.0	1.0	1.0	ClueBot VI
1.0	0.0	1.0	0.0	0.0	0.0	0.0	0.0	0.0	CmdrObot
1.0	0.0	1.0	1.0	0.0	0.0	0.0	0.0	0.0	CobraBot
1.0	0.0	0.0	0.0	0.0	0.0	1.0	0.0	0.0	CocuBot
1.0	0.0	0.0	0.0	0.0	0.0	1.0	0.0	0.0	CohesionBot
0.0	0.0	1.0	0.0	1.0	0.0	0.0	0.0	0.0	CollabRCBot
1.0	0.0	0.0	0.0	0.0	0.0	0.0	0.0	0.0	Colourful Bot
0.0	0.0	1.0	0.0	0.0	0.0	0.0	0.0	0.0	Comics-awb
0.0	0.0	0.0	0.0	0.0	0.0	1.0	0.0	0.0	Commander Keane bot
1.0	0.0	0.0	0.0	0.0	0.0	0.0	0.0	0.0	Commonb0t
1.0	0.0	0.0	0.0	0.0	0.0	0.0	0.0	0.0	Commons fair use upload bot (usurped)
1.0	0.0	0.0	0.0	0.0	0.0	1.0	0.0	0.0	CommonsDelinquent
0.0	0.0	0.0	0.0	0.0	0.0	1.0	0.0	1.0	CommonsNotificationBot
1.0	0.0	0.0	0.0	0.0	0.0	1.0	0.0	0.0	Computermacgyverbot
1.0	0.0	0.0	1.0	0.0	0.0	1.0	0.0	0.0	ConnectiBot
1.0	0.0	0.0	1.0	0.0	0.0	1.0	0.0	0.0	ContentCreationBOT
1.0	0.0	1.0	0.0	0.0	0.0	0.0	0.0	0.0	ContinuityBot
0.0	0.0	0.0	1.0	0.0	0.0	0.0	0.0	0.0	CopyToWiktionaryBot
1.0	0.0	0.0	0.0	0.0	0.0	1.0	0.0	0.0	CorenANIBot
1.0	0.0	1.0	0.0	0.0	0.0	0.0	0.0	0.0	CorenSearchBot
0.0	0.0	1.0	0.0	1.0	0.0	0.0	0.0	0.0	Coreva-Bot
1.0	0.0	0.0	0.0	0.0	0.0	0.0	1.0	0.0	CounterVandalismBot
1.0	0.0	0.0	0.0	0.0	0.0	1.0	0.0	0.0	CountryBot
1.0	0.0	0.0	0.0	0.0	0.0	0.0	0.0	0.0	Courcelles Bot
1.0	0.0	0.0	0.0	0.0	0.0	1.0	0.0	0.0	CrazynasBot
1.0	0.0	0.0	1.0	0.0	0.0	1.0	0.0	0.0	CricketBot
1.0	0.0	0.0	0.0	0.0	0.0	0.0	0.0	0.0	CrimsonBot
1.0	0.0	1.0	1.0	1.0	0.0	1.0	0.0	0.0	Cronbot
1.0	0.0	0.0	0.0	0.0	0.0	0.0	0.0	0.0	Crypticbot
1.0	0.0	0.0	0.0	0.0	0.0	0.0	0.0	0.0	CultureBot
1.0	0.0	0.0	0.0	0.0	0.0	0.0	0.0	0.0	Curpsbot-unicodify
1.0	0.0	0.0	0.0	0.0	0.0	1.0	0.0	0.0	CwraschkeDataBot
1.0	0.0	0.0	0.0	0.0	0.0	0.0	0.0	0.0	Cwt96bot
1.0	0.0	0.0	1.0	0.0	0.0	1.0	0.0	1.0	Cyberbot
1.0	1.0	1.0	1.0	1.0	0.0	0.0	0.0	0.0	Cyberbot I
0.0	0.0	1.0	0.0	0.0	0.0	0.0	0.0	0.0	Cyberbot II
0.0	0.0	1.0	0.0	1.0	0.0	0.0	0.0	0.0	Cyberbot III
0.0	0.0	0.0	0.0	1.0	0.0	0.0	0.0	0.0	Cyberbot Trial Bot
1.0	0.0	0.0	0.0	0.0	0.0	1.0	0.0	0.0	CyroBot~enwiki
1.0	0.0	0.0	0.0	0.0	0.0	1.0	0.0	0.0	D'ohBot
1.0	0.0	0.0	0.0	0.0	0.0	0.0	0.0	0.0	D6
1.0	0.0	1.0	1.0	0.0	0.0	0.0	0.0	0.0	DASHBot
1.0	0.0	0.0	0.0	0.0	0.0	0.0	1.0	0.0	DASHBotAV
1.0	0.0	0.0	0.0	0.0	0.0	1.0	0.0	0.0	DEagleBot
1.0	0.0	0.0	0.0	0.0	0.0	0.0	0.0	0.0	DFBot
1.0	0.0	0.0	0.0	0.0	0.0	1.0	0.0	0.0	DHN-bot~enwiki
1.0	0.0	0.0	0.0	0.0	0.0	0.0	0.0	0.0	DOI bot
1.0	0.0	1.0	0.0	0.0	0.0	0.0	0.0	0.0	DPL bot
0.0	0.0	0.0	1.0	0.0	0.0	0.0	0.0	0.0	DRN clerk bot
1.0	0.0	0.0	0.0	0.0	0.0	0.0	0.0	0.0	DSisyphBot
1.0	0.0	0.0	0.0	0.0	0.0	1.0	0.0	0.0	DYKBot
0.0	0.0	0.0	1.0	0.0	0.0	0.0	0.0	0.0	DYKHousekeepingBot
1.0	0.0	1.0	0.0	0.0	0.0	0.0	0.0	0.0	DYKReviewBot
1.0	0.0	1.0	0.0	1.0	0.0	0.0	0.0	0.0	DYKUpdateBot
0.0	0.0	0.0	1.0	1.0	0.0	0.0	0.0	1.0	DYKadminBot
1.0	0.0	0.0	0.0	0.0	0.0	0.0	0.0	0.0	DalcherBot
1.0	0.0	0.0	0.0	0.0	0.0	1.0	0.0	0.0	DallasBot
1.0	0.0	0.0	0.0	0.0	0.0	0.0	0.0	0.0	DanKoehlBot
0.0	0.0	1.0	0.0	1.0	0.0	0.0	0.0	0.0	DanhashBot
1.0	0.0	0.0	0.0	0.0	0.0	1.0	0.0	0.0	DanielBot
1.0	0.0	0.0	0.0	0.0	0.0	0.0	0.0	0.0	Danilo.bot
0.0	0.0	1.0	0.0	0.0	0.0	0.0	0.0	0.0	DannyS712 bot
1.0	0.0	0.0	0.0	0.0	0.0	0.0	0.0	0.0	Danroks bot
1.0	0.0	0.0	0.0	0.0	0.0	1.0	0.0	0.0	Danumber1bot
1.0	0.0	0.0	0.0	1.0	0.0	1.0	0.0	0.0	DarafshBot
1.0	0.0	0.0	1.0	0.0	0.0	1.0	0.0	0.0	DarioBot~enwiki
0.0	0.0	1.0	0.0	0.0	0.0	0.0	0.0	0.0	Dark Shikari Bot
1.0	0.0	0.0	0.0	0.0	0.0	1.0	0.0	0.0	Darkicebot
1.0	0.0	0.0	0.0	0.0	0.0	0.0	0.0	0.0	Darkicebot II
1.0	0.0	0.0	0.0	0.0	0.0	1.0	0.0	0.0	DarknessBot
1.0	0.0	0.0	0.0	0.0	0.0	1.0	0.0	0.0	Dasschaefchenbot
1.0	0.0	1.0	1.0	0.0	0.0	0.0	1.0	0.0	DatBot
1.0	0.0	0.0	1.0	0.0	0.0	1.0	0.0	0.0	DatabaseBot
0.0	0.0	1.0	0.0	1.0	0.0	0.0	0.0	0.0	DataflowBot
1.0	0.0	0.0	0.0	0.0	0.0	1.0	0.0	0.0	DavidLeighEllisBot
1.0	0.0	1.0	1.0	0.0	0.0	1.0	0.0	0.0	DavidWSBot
1.0	0.0	0.0	1.0	0.0	0.0	1.0	0.0	0.0	Dcirovicbot
1.0	0.0	0.0	0.0	0.0	0.0	1.0	0.0	0.0	DcoetzeeBot~enwiki
0.0	0.0	1.0	1.0	0.0	0.0	0.0	1.0	1.0	DeadBot
0.0	0.0	1.0	0.0	0.0	0.0	0.0	0.0	0.0	DeadLinkBOT
1.0	0.0	0.0	1.0	0.0	0.0	1.0	0.0	0.0	Dedebot
0.0	0.0	1.0	0.0	0.0	0.0	0.0	0.0	0.0	DefaultsortBot
1.0	0.0	0.0	0.0	0.0	0.0	0.0	0.0	0.0	DefconBot
1.0	0.0	0.0	1.0	0.0	0.0	1.0	0.0	0.0	DeleteAsstBot
0.0	0.0	0.0	0.0	0.0	0.0	0.0	0.0	1.0	DeliveryBot
1.0	0.0	1.0	1.0	0.0	0.0	0.0	0.0	0.0	DeltaQuadBot
0.0	0.0	1.0	0.0	1.0	0.0	0.0	0.0	0.0	Demibot
1.0	0.0	0.0	0.0	0.0	0.0	0.0	0.0	0.0	DemocraticsBot
1.0	0.0	0.0	1.0	0.0	0.0	1.0	0.0	0.0	Denbot
1.0	0.0	0.0	0.0	0.0	0.0	0.0	0.0	0.0	DeprecatedFixerBot
1.0	0.0	0.0	0.0	0.0	0.0	0.0	0.0	0.0	Descriptioncreator
1.0	0.0	1.0	0.0	0.0	0.0	0.0	0.0	0.0	Detroiterbot
1.0	0.0	0.0	0.0	0.0	0.0	0.0	0.0	0.0	Dexbot
1.0	0.0	0.0	1.0	0.0	0.0	1.0	0.0	0.0	Dibot
1.0	0.0	0.0	0.0	0.0	0.0	0.0	0.0	0.0	DieBucheBot
1.0	0.0	0.0	0.0	0.0	0.0	1.0	0.0	0.0	Diego Grez Bot
1.0	0.0	0.0	1.0	0.0	0.0	1.0	0.0	0.0	DigitalmeBot
1.0	0.0	0.0	0.0	0.0	0.0	1.0	0.0	0.0	Diligent Terrier Bot
1.0	0.0	0.0	0.0	0.0	0.0	1.0	0.0	0.0	Dinamik-bot
1.0	0.0	0.0	0.0	0.0	0.0	0.0	0.0	0.0	DinoBot
1.0	0.0	0.0	1.0	0.0	0.0	0.0	0.0	0.0	DinoBot2
1.0	0.0	0.0	0.0	0.0	0.0	1.0	0.0	0.0	DinoSizedBot
1.0	0.0	0.0	0.0	0.0	0.0	1.0	0.0	0.0	DinojermBot
1.0	0.0	0.0	0.0	0.0	0.0	0.0	0.0	0.0	Dinybot
0.0	0.0	1.0	0.0	1.0	0.0	0.0	0.0	0.0	DipankanBot
1.0	0.0	0.0	0.0	0.0	0.0	1.0	0.0	0.0	DirlBot
0.0	0.0	1.0	0.0	1.0	0.0	0.0	0.0	0.0	DividingBot
1.0	0.0	0.0	0.0	0.0	0.0	1.0	0.0	0.0	DixonDBot
1.0	0.0	0.0	0.0	0.0	0.0	0.0	0.0	0.0	DiyarBot
0.0	0.0	1.0	0.0	0.0	0.0	0.0	0.0	0.0	DodoBot
1.0	0.0	0.0	0.0	0.0	0.0	1.0	0.0	0.0	DomBot
1.0	0.0	0.0	0.0	0.0	0.0	0.0	0.0	0.0	Doombot
1.0	0.0	0.0	0.0	0.0	0.0	1.0	0.0	0.0	DorganBot
1.0	0.0	0.0	0.0	0.0	0.0	1.0	0.0	0.0	DottyQuoteBot
1.0	0.0	0.0	0.0	0.0	0.0	0.0	0.0	0.0	DownloadBot
1.0	0.0	0.0	0.0	0.0	0.0	0.0	0.0	0.0	DoyleyBot
1.0	0.0	0.0	0.0	0.0	0.0	1.0	0.0	0.0	Dpkbot
1.0	0.0	1.0	0.0	0.0	0.0	0.0	0.0	0.0	DpmukBOT
1.0	0.0	0.0	0.0	0.0	0.0	1.0	0.0	0.0	DrFO.Tn.Bot
1.0	0.0	0.0	0.0	0.0	0.0	1.0	0.0	0.0	DrTrigonBot
1.0	0.0	0.0	0.0	0.0	0.0	1.0	0.0	0.0	DragonBot
1.0	0.0	0.0	0.0	0.0	0.0	0.0	0.0	0.0	DraiconeBot
0.0	0.0	0.0	0.0	1.0	0.0	0.0	0.0	0.0	DreamBot
0.0	0.0	0.0	0.0	1.0	0.0	0.0	0.0	0.0	Dreamy Jazz Bot
1.0	0.0	0.0	1.0	0.0	0.0	0.0	1.0	0.0	DrilBot
0.0	0.0	0.0	1.0	0.0	0.0	1.0	0.0	0.0	Drinibot
1.0	0.0	0.0	0.0	0.0	0.0	1.0	0.0	0.0	DschwenBot
1.0	0.0	0.0	1.0	0.0	0.0	1.0	0.0	0.0	DumZiBoT
1.0	0.0	1.0	1.0	0.0	0.0	0.0	0.0	0.0	DumbBOT
1.0	0.0	0.0	0.0	0.0	0.0	1.0	0.0	0.0	DustaBot
0.0	0.0	0.0	1.0	0.0	0.0	0.0	0.0	0.0	DusterBot
0.0	0.0	0.0	1.0	0.0	0.0	0.0	0.0	0.0	DustyBot
1.0	0.0	0.0	0.0	0.0	0.0	1.0	0.0	0.0	DvyBot
1.0	0.0	0.0	0.0	0.0	0.0	1.0	0.0	0.0	DyceBot
1.0	0.0	1.0	1.0	0.0	0.0	0.0	0.0	0.0	EBot
1.0	0.0	0.0	1.0	0.0	0.0	1.0	0.0	0.0	EBot II
1.0	0.0	0.0	1.0	0.0	0.0	1.0	0.0	0.0	EBot III
1.0	0.0	0.0	1.0	0.0	0.0	1.0	0.0	0.0	EBot IV
1.0	0.0	0.0	0.0	0.0	0.0	1.0	0.0	0.0	ENewsBot
1.0	0.0	0.0	0.0	0.0	0.0	1.0	0.0	0.0	ESBot
1.0	0.0	0.0	0.0	0.0	0.0	1.0	0.0	0.0	EagleAstroidBot
1.0	0.0	0.0	0.0	0.0	0.0	1.0	0.0	0.0	EaglesBot
1.0	0.0	1.0	1.0	0.0	0.0	1.0	0.0	0.0	EarwigBot
1.0	0.0	0.0	0.0	0.0	0.0	0.0	0.0	0.0	EarwigBot I
1.0	0.0	0.0	0.0	0.0	0.0	0.0	0.0	0.0	EarwigBot III
0.0	0.0	0.0	1.0	0.0	0.0	0.0	0.0	0.0	EastEnders Bot
1.0	0.0	1.0	1.0	1.0	0.0	1.0	0.0	0.0	EberBot
1.0	0.0	0.0	0.0	0.0	0.0	1.0	0.0	0.0	EchoBot
1.0	0.0	0.0	0.0	0.0	0.0	1.0	0.0	0.0	EdBot
1.0	0.0	0.0	0.0	0.0	0.0	1.0	0.0	0.0	Edbot~enwiki
1.0	0.0	0.0	0.0	0.0	0.0	1.0	0.0	0.0	EddieBot
1.0	0.0	0.0	0.0	0.0	0.0	0.0	0.0	0.0	EdinBot
1.0	0.0	0.0	0.0	0.0	0.0	0.0	0.0	0.0	Edmundobot
1.0	0.0	0.0	0.0	0.0	0.0	1.0	0.0	0.0	EdoBot
0.0	0.0	0.0	1.0	0.0	0.0	0.0	0.0	0.0	EdwardsBot
1.0	0.0	0.0	0.0	0.0	0.0	0.0	0.0	0.0	Eflybot
1.0	0.0	0.0	0.0	0.0	0.0	1.0	0.0	0.0	Egmontbot
1.0	0.0	0.0	0.0	0.0	0.0	0.0	0.0	0.0	EgressBot
1.0	0.0	0.0	0.0	0.0	0.0	0.0	0.0	0.0	Einsteinbot
1.0	0.0	0.0	0.0	0.0	0.0	1.0	0.0	0.0	Eivindbot
1.0	0.0	0.0	0.0	0.0	0.0	1.0	0.0	0.0	EjsBot
1.0	0.0	0.0	0.0	0.0	0.0	1.0	0.0	0.0	El bot de la dieta
1.0	0.0	0.0	0.0	0.0	0.0	1.0	0.0	0.0	ElMeBot
1.0	0.0	0.0	0.0	0.0	0.0	1.0	0.0	0.0	EleferenBot
1.0	0.0	0.0	0.0	0.0	0.0	1.0	0.0	0.0	Elissonbot
1.0	0.0	0.0	0.0	0.0	0.0	1.0	0.0	0.0	ElphiBot
0.0	0.0	0.0	1.0	0.0	0.0	1.0	0.0	0.0	EmailBot
1.0	0.0	0.0	1.0	0.0	0.0	1.0	0.0	0.0	EmausBot
1.0	0.0	1.0	1.0	1.0	0.0	1.0	0.0	0.0	Emijrpbot
1.0	0.0	0.0	0.0	0.0	0.0	1.0	0.0	0.0	EmxBot
1.0	0.0	0.0	0.0	0.0	0.0	0.0	0.0	0.0	EnDecoderBot
1.0	0.0	0.0	0.0	0.0	0.0	0.0	0.0	0.0	Englishbot
1.0	0.0	0.0	1.0	0.0	0.0	1.0	0.0	0.0	EnigmaBot
1.0	0.0	1.0	1.0	0.0	0.0	0.0	0.0	1.0	EnterpriseyBot
1.0	0.0	1.0	1.0	1.0	0.0	1.0	0.0	0.0	EnzaiBot
1.0	0.0	0.0	0.0	0.0	0.0	1.0	0.0	0.0	EnzetBot
1.0	0.0	0.0	0.0	0.0	0.0	1.0	0.0	0.0	EpopBot
1.0	1.0	0.0	1.0	0.0	1.0	1.0	0.0	0.0	EranBot
1.0	0.0	0.0	0.0	0.0	0.0	0.0	0.0	0.0	ErfgoedBot
1.0	0.0	0.0	1.0	0.0	0.0	1.0	0.0	0.0	Erik E VestBot
1.0	0.0	0.0	0.0	0.0	0.0	0.0	0.0	0.0	Erik9bot
1.0	0.0	1.0	1.0	0.0	0.0	1.0	1.0	1.0	Erwin85Bot
1.0	0.0	0.0	0.0	0.0	0.0	1.0	0.0	0.0	Escarbot
1.0	0.0	0.0	0.0	0.0	0.0	1.0	0.0	0.0	Eskimbot
1.0	0.0	0.0	0.0	0.0	0.0	1.0	0.0	0.0	Eskimospy Bot
0.0	0.0	0.0	1.0	0.0	0.0	0.0	0.0	0.0	EsquivalienceBot
1.0	0.0	0.0	0.0	0.0	0.0	0.0	0.0	0.0	EssjayBot
1.0	0.0	1.0	0.0	1.0	0.0	0.0	1.0	0.0	EssjayBot II
1.0	0.0	0.0	0.0	0.0	0.0	0.0	0.0	0.0	EssjayBot III
1.0	0.0	0.0	0.0	0.0	0.0	1.0	0.0	0.0	EssjayBot IV
1.0	0.0	0.0	0.0	0.0	0.0	1.0	0.0	0.0	Estirabot
1.0	0.0	0.0	0.0	0.0	0.0	0.0	0.0	0.0	Ethen12bot
1.0	0.0	0.0	0.0	0.0	0.0	0.0	0.0	0.0	Ethen12bot 2
1.0	0.0	0.0	1.0	0.0	0.0	1.0	0.0	0.0	Etherbot
1.0	0.0	0.0	1.0	0.0	0.0	0.0	0.0	0.0	Eubot
1.0	0.0	0.0	0.0	0.0	0.0	0.0	0.0	0.0	EuseBot
1.0	0.0	0.0	0.0	0.0	0.0	0.0	0.0	0.0	ExodusBot
1.0	0.0	1.0	1.0	1.0	0.0	1.0	0.0	0.0	ExpertCommentBot
1.0	0.0	0.0	0.0	0.0	0.0	0.0	0.0	0.0	ExpertIdeasBot
1.0	0.0	0.0	0.0	0.0	0.0	1.0	0.0	0.0	Eybot~enwiki
0.0	0.0	1.0	0.0	0.0	0.0	0.0	0.0	0.0	FA RotBot
1.0	0.0	1.0	1.0	0.0	0.0	0.0	0.0	0.0	FA Template Protection Bot
0.0	0.0	0.0	0.0	1.0	0.0	0.0	0.0	0.0	FACBot
1.0	0.0	0.0	0.0	0.0	0.0	1.0	0.0	0.0	FANSTARbot
1.0	0.0	0.0	1.0	0.0	0.0	1.0	0.0	0.0	FPBot
1.0	0.0	0.0	0.0	0.0	0.0	0.0	0.0	0.0	FRadical Bot
1.0	0.0	0.0	0.0	0.0	0.0	0.0	0.0	0.0	FSBot I
1.0	0.0	0.0	0.0	0.0	0.0	0.0	0.0	0.0	FWTestBot
1.0	0.0	0.0	0.0	0.0	0.0	1.0	0.0	0.0	FacebookBot
1.0	0.0	0.0	0.0	0.0	0.0	0.0	0.0	0.0	FahBot
1.0	0.0	1.0	0.0	0.0	0.0	0.0	1.0	1.0	FairuseBot
1.0	0.0	1.0	1.0	1.0	0.0	1.0	0.0	0.0	Fajrbot
1.0	0.0	0.0	0.0	0.0	0.0	1.0	0.0	0.0	FaleBot
1.0	0.0	0.0	0.0	0.0	0.0	0.0	0.0	0.0	FariBot
0.0	0.0	0.0	1.0	0.0	0.0	0.0	0.0	1.0	FastilyBot
1.0	0.0	1.0	1.0	1.0	0.0	1.0	0.0	1.0	Fbot
1.0	0.0	0.0	1.0	0.0	0.0	1.0	0.0	0.0	FearBot
1.0	0.0	0.0	1.0	0.0	0.0	0.0	0.0	0.0	FeedBot
1.0	1.0	0.0	1.0	0.0	0.0	0.0	0.0	0.0	Femto Bot
1.0	0.0	0.0	0.0	0.0	0.0	0.0	0.0	0.0	Fetofsbot
1.0	0.0	0.0	0.0	0.0	0.0	1.0	0.0	0.0	Fetofsbot2
1.0	0.0	0.0	0.0	0.0	0.0	1.0	0.0	0.0	Fettgesicht
1.0	0.0	0.0	0.0	0.0	0.0	1.0	0.0	0.0	Ficbot
1.0	0.0	0.0	1.0	0.0	0.0	1.0	0.0	0.0	File Upload Bot (Kaldari)
1.0	0.0	0.0	1.0	0.0	0.0	1.0	0.0	0.0	FileBot
1.0	0.0	0.0	0.0	0.0	0.0	1.0	0.0	0.0	Filedelinkerbot
1.0	0.0	1.0	1.0	1.0	0.0	1.0	0.0	0.0	FiriBot
1.0	0.0	0.0	0.0	0.0	0.0	1.0	0.0	0.0	FischBot
1.0	0.0	0.0	0.0	0.0	0.0	0.0	0.0	0.0	FixyBot
0.0	0.0	1.0	1.0	0.0	0.0	0.0	0.0	0.0	FlBot
1.0	0.0	0.0	0.0	0.0	0.0	1.0	0.0	0.0	FlaBot
0.0	0.0	0.0	1.0	0.0	0.0	0.0	0.0	0.0	FlagBot
1.0	0.0	0.0	0.0	0.0	0.0	1.0	0.0	0.0	FloggerBot
1.0	0.0	0.0	1.0	0.0	0.0	1.0	0.0	0.0	FlutefluteBot
1.0	0.0	1.0	1.0	0.0	0.0	0.0	0.0	1.0	Fluxbot
1.0	0.0	0.0	0.0	0.0	0.0	1.0	0.0	0.0	Fobox
1.0	0.0	0.0	0.0	0.0	0.0	1.0	0.0	0.0	FolksourceBot
1.0	0.0	0.0	0.0	0.0	0.0	1.0	0.0	0.0	FoxBot
1.0	0.0	0.0	0.0	0.0	0.0	0.0	0.0	0.0	FraBOT
1.0	0.0	1.0	0.0	0.0	0.0	1.0	0.0	0.0	FrescoBot
1.0	0.0	0.0	1.0	0.0	0.0	1.0	0.0	0.0	Fritzbot
1.0	1.0	1.0	0.0	0.0	0.0	0.0	1.0	1.0	FritzpollBot
1.0	0.0	0.0	0.0	0.0	0.0	0.0	0.0	0.0	FroggyBot
1.0	0.0	0.0	0.0	0.0	0.0	0.0	0.0	0.0	Full-date unlinking bot
0.0	0.0	1.0	0.0	0.0	0.0	0.0	0.0	0.0	Fz29bot
1.0	0.0	0.0	0.0	0.0	0.0	1.0	0.0	0.0	G-Bot~enwiki
1.0	0.0	1.0	1.0	0.0	0.0	0.0	0.0	1.0	GA bot
1.0	0.0	0.0	1.0	1.0	0.0	0.0	0.0	0.0	GBenemyBot
1.0	0.0	0.0	0.0	0.0	0.0	0.0	0.0	0.0	GCIBot
1.0	0.0	0.0	0.0	0.0	0.0	0.0	0.0	0.0	GIBBot
1.0	0.0	0.0	0.0	0.0	0.0	0.0	0.0	0.0	GPHbot
1.0	0.0	0.0	0.0	0.0	0.0	1.0	0.0	0.0	GZ-Bot
1.0	0.0	0.0	0.0	0.0	0.0	0.0	0.0	0.0	Gabriel-Bot
1.0	0.0	1.0	1.0	1.0	0.0	1.0	0.0	0.0	Gabrielchihonglee-Bot
1.0	0.0	0.0	0.0	0.0	0.0	0.0	0.0	0.0	GaemariBot
1.0	0.0	0.0	0.0	0.0	0.0	0.0	0.0	0.0	Galobot
1.0	0.0	0.0	1.0	0.0	0.0	1.0	0.0	0.0	GameSpot-Eng-Bot
1.0	1.0	1.0	0.0	0.0	0.0	0.0	0.0	0.0	Ganeshbot
1.0	0.0	0.0	0.0	0.0	0.0	1.0	0.0	0.0	GargoyleBot
1.0	0.0	0.0	1.0	0.0	0.0	1.0	0.0	0.0	Gdrbot
1.0	0.0	0.0	0.0	0.0	0.0	0.0	0.0	0.0	Genderlessbot
1.0	0.0	0.0	1.0	0.0	0.0	1.0	0.0	0.0	GeniusBot
0.0	0.0	0.0	1.0	0.0	0.0	0.0	0.0	0.0	GeorgeMoneyBot
1.0	0.0	0.0	0.0	0.0	0.0	1.0	0.0	0.0	GeorgeMoneyBot-status
1.0	0.0	0.0	0.0	0.0	0.0	1.0	0.0	0.0	Gerakibot
1.0	0.0	0.0	0.0	0.0	0.0	1.0	0.0	0.0	GhalyBot
1.0	0.0	0.0	0.0	0.0	0.0	0.0	0.0	0.0	GiftBot
1.0	0.0	1.0	0.0	0.0	0.0	0.0	0.0	0.0	Giggabot
1.0	0.0	0.0	0.0	0.0	1.0	0.0	0.0	1.0	GimmeBot
1.0	0.0	0.0	0.0	0.0	0.0	1.0	0.0	0.0	Ginosbot
1.0	0.0	0.0	0.0	0.0	0.0	1.0	0.0	0.0	GnawnBot
1.0	0.0	1.0	1.0	0.0	0.0	0.0	0.0	1.0	Gnome (Bot)
1.0	0.0	0.0	0.0	0.0	0.0	1.0	0.0	0.0	Goalkeeperbot
1.0	0.0	0.0	0.0	0.0	0.0	0.0	0.0	0.0	GoatBot
0.0	0.0	1.0	1.0	0.0	0.0	0.0	0.0	0.0	Good Article Patrol Bot
1.0	0.0	0.0	1.0	0.0	0.0	1.0	0.0	0.0	GracenotesBot
1.0	0.0	0.0	1.0	0.0	0.0	0.0	0.0	0.0	Grafikbot
1.0	0.0	0.0	0.0	0.0	0.0	1.0	0.0	0.0	Grammarbot
1.0	0.0	0.0	0.0	0.0	0.0	1.0	0.0	0.0	GrashoofdBot
1.0	0.0	0.0	0.0	0.0	0.0	0.0	0.0	0.0	GrassnBreadBot~enwiki
1.0	0.0	0.0	0.0	0.0	0.0	0.0	0.0	0.0	GreenC bot
1.0	0.0	0.0	0.0	0.0	0.0	0.0	0.0	0.0	Grim Reaper Bot
0.0	0.0	0.0	0.0	0.0	0.0	1.0	0.0	0.0	GrinBot~enwiki
1.0	0.0	0.0	1.0	0.0	0.0	1.0	0.0	0.0	GrooveBot
1.0	0.0	0.0	0.0	0.0	0.0	1.0	0.0	0.0	GrouchoBot
1.0	0.0	0.0	0.0	0.0	0.0	0.0	0.0	0.0	Guanabot
1.0	0.0	0.0	1.0	0.0	0.0	1.0	0.0	0.0	Guanabot2
0.0	0.0	0.0	1.0	0.0	0.0	0.0	0.0	0.0	Guardian Robot 3568NG
1.0	0.0	0.0	0.0	0.0	0.0	0.0	0.0	0.0	Guoguo12Bot
1.0	0.0	1.0	0.0	0.0	0.0	0.0	0.0	0.0	GurchBot
1.0	0.0	0.0	0.0	0.0	0.0	1.0	0.0	0.0	H.b.shbot
1.0	0.0	0.0	0.0	0.0	0.0	1.0	0.0	0.0	H2Bot
1.0	0.0	0.0	0.0	1.0	0.0	0.0	0.0	0.0	H3llBot
1.0	0.0	0.0	0.0	0.0	0.0	1.0	0.0	0.0	H92Bot
1.0	0.0	0.0	1.0	0.0	0.0	0.0	0.0	0.0	HBC AIV helperbot
0.0	0.0	0.0	1.0	1.0	0.0	0.0	0.0	0.0	HBC AIV helperbot 8
1.0	0.0	0.0	0.0	0.0	0.0	0.0	0.0	0.0	HBC AIV helperbot11
1.0	0.0	1.0	1.0	1.0	0.0	1.0	0.0	0.0	HBC AIV helperbot12
1.0	0.0	0.0	0.0	0.0	0.0	0.0	1.0	0.0	HBC AIV helperbot2
0.0	0.0	0.0	1.0	0.0	0.0	0.0	0.0	0.0	HBC AIV helperbot3
1.0	0.0	1.0	0.0	1.0	0.0	0.0	1.0	0.0	HBC AIV helperbot4
0.0	0.0	1.0	1.0	0.0	0.0	0.0	1.0	1.0	HBC AIV helperbot5
1.0	0.0	0.0	1.0	0.0	0.0	0.0	1.0	0.0	HBC AIV helperbot7
0.0	0.0	1.0	1.0	1.0	0.0	0.0	0.0	0.0	HBC AIV helperbot9
0.0	0.0	0.0	0.0	1.0	0.0	0.0	0.0	0.0	HBC Archive Indexerbot
0.0	0.0	1.0	0.0	0.0	0.0	0.0	0.0	1.0	HBC NameWatcherBot
1.0	0.0	0.0	0.0	0.0	0.0	1.0	0.0	0.0	HBC RenameClerkBot
1.0	0.0	0.0	0.0	0.0	0.0	1.0	0.0	0.0	HBC archive builderbot
1.0	0.0	0.0	0.0	0.0	0.0	1.0	0.0	0.0	HMBot~enwiki
1.0	0.0	0.0	0.0	0.0	0.0	1.0	0.0	0.0	HRoestBot
0.0	0.0	1.0	0.0	0.0	0.0	0.0	1.0	0.0	HagermanBot
1.0	0.0	0.0	0.0	0.0	0.0	1.0	0.0	0.0	HairBot
1.0	0.0	0.0	0.0	0.0	0.0	1.0	0.0	0.0	Halibott
1.0	0.0	0.0	0.0	0.0	0.0	0.0	0.0	0.0	HappyBot
0.0	0.0	1.0	0.0	0.0	0.0	0.0	0.0	0.0	Harej bot
1.0	0.0	0.0	0.0	0.0	0.0	1.0	0.0	0.0	HarrivBOT
1.0	0.0	0.0	1.0	0.0	0.0	1.0	0.0	0.0	HasharBot~enwiki
0.0	0.0	1.0	1.0	0.0	0.0	0.0	0.0	1.0	HasteurBot
1.0	0.0	0.0	0.0	0.0	0.0	1.0	0.0	0.0	HawkEyeBot
1.0	0.0	1.0	0.0	0.0	0.0	0.0	0.0	0.0	Hazard-Bot
1.0	0.0	0.0	1.0	0.0	0.0	1.0	0.0	0.0	Heikobot
1.0	0.0	1.0	0.0	0.0	0.0	0.0	0.0	0.0	Helpful Pixie Bot
1.0	0.0	0.0	0.0	0.0	0.0	0.0	0.0	0.0	Helsabot
1.0	0.0	1.0	0.0	0.0	0.0	0.0	0.0	0.0	HerculeBot
0.0	0.0	0.0	1.0	0.0	0.0	0.0	0.0	1.0	HersfoldArbClerkBot
0.0	0.0	0.0	1.0	0.0	0.0	0.0	0.0	0.0	HersfoldBot
1.0	0.0	0.0	1.0	0.0	0.0	1.0	0.0	0.0	HersfoldCiteBot
1.0	0.0	0.0	0.0	0.0	0.0	0.0	0.0	0.0	HhhipBot
1.0	0.0	0.0	0.0	0.0	0.0	0.0	0.0	0.0	HiTeCBot
1.0	0.0	1.0	0.0	0.0	0.0	0.0	0.0	0.0	HiW-Bot
1.0	0.0	0.0	1.0	0.0	0.0	1.0	0.0	0.0	Hintssbot
1.0	0.0	0.0	0.0	0.0	0.0	0.0	0.0	0.0	Hmainsbot1
0.0	0.0	1.0	0.0	1.0	0.0	0.0	0.0	0.0	Hockeybot
1.0	0.0	0.0	0.0	0.0	0.0	1.0	0.0	0.0	Homobot
0.0	0.0	0.0	0.0	1.0	1.0	0.0	0.0	1.0	HostBot
0.0	0.0	0.0	1.0	0.0	0.0	0.0	0.0	0.0	HotArticlesBot
1.0	0.0	0.0	0.0	0.0	0.0	1.0	0.0	0.0	HtonlBot
1.0	0.0	0.0	0.0	0.0	0.0	1.0	0.0	0.0	HujiBot
0.0	0.0	1.0	0.0	1.0	0.0	0.0	0.0	0.0	Humbot
1.0	0.0	0.0	0.0	0.0	0.0	1.0	0.0	0.0	Huzzlet the bot
0.0	0.0	1.0	0.0	1.0	0.0	0.0	0.0	0.0	Hxhbot
1.0	0.0	1.0	1.0	1.0	0.0	1.0	0.0	0.0	IPLRecordsUpdateBot
1.0	0.0	0.0	0.0	0.0	0.0	1.0	0.0	0.0	IPTaggerBot
1.0	0.0	0.0	0.0	0.0	0.0	1.0	0.0	0.0	IainadamsBot
1.0	0.0	0.0	0.0	0.0	0.0	1.0	0.0	0.0	IcalaniseBot
1.0	0.0	0.0	0.0	0.0	0.0	1.0	0.0	0.0	IdeoBot
1.0	0.0	0.0	0.0	0.0	0.0	1.0	0.0	0.0	Idioma-bot
1.0	0.0	0.0	0.0	0.0	0.0	1.0	0.0	0.0	IluvatarBot
1.0	0.0	1.0	0.0	1.0	0.0	0.0	0.0	0.0	Image Screening Bot
1.0	1.0	1.0	0.0	1.0	0.0	0.0	0.0	0.0	Image-req-proj-bot
1.0	0.0	0.0	0.0	0.0	0.0	1.0	0.0	0.0	ImageBacklogBot
0.0	0.0	0.0	1.0	0.0	0.0	0.0	0.0	0.0	ImageBot
1.0	0.0	0.0	0.0	0.0	0.0	0.0	0.0	0.0	ImageRemovalBot
0.0	0.0	0.0	1.0	0.0	0.0	0.0	0.0	0.0	ImageTagBot
0.0	0.0	1.0	0.0	0.0	0.0	0.0	0.0	1.0	ImageTaggingBot
1.0	0.0	0.0	0.0	0.0	0.0	0.0	0.0	0.0	Imbot1
1.0	0.0	0.0	0.0	0.0	0.0	0.0	0.0	0.0	InactivityEmailBot
1.0	0.0	0.0	0.0	0.0	0.0	0.0	0.0	0.0	InceptionBot
1.0	0.0	0.0	0.0	0.0	0.0	1.0	0.0	0.0	IndvTbot
0.0	0.0	1.0	1.0	1.0	0.0	0.0	0.0	0.0	InfoBot~enwiki
1.0	0.0	0.0	0.0	0.0	0.0	0.0	0.0	0.0	Infobox Journal Update Bot
0.0	0.0	0.0	1.0	0.0	0.0	0.0	0.0	0.0	InfoboxBot
1.0	0.0	0.0	0.0	0.0	0.0	1.0	0.0	0.0	Innocent iwbot
0.0	0.0	0.0	1.0	0.0	0.0	0.0	0.0	0.0	InstructorCommentBot
1.0	0.0	0.0	0.0	0.0	0.0	1.0	0.0	0.0	InternetArchiveBot
1.0	0.0	0.0	0.0	0.0	0.0	1.0	0.0	0.0	Interwikis
1.0	0.0	0.0	0.0	0.0	0.0	1.0	0.0	0.0	Invadibot
1.0	0.0	0.0	0.0	0.0	0.0	1.0	0.0	0.0	Ir4ubot
1.0	0.0	0.0	1.0	0.0	0.0	1.0	0.0	0.0	IsraBot
1.0	0.0	0.0	0.0	0.0	0.0	0.0	0.0	0.0	Italic title bot
1.0	0.0	0.0	0.0	0.0	0.0	1.0	0.0	0.0	Itubot
1.0	0.0	0.0	1.0	0.0	0.0	0.0	0.0	0.0	IznoBot
1.0	0.0	1.0	0.0	0.0	0.0	0.0	0.0	0.0	J Milburn Bot
1.0	0.0	0.0	0.0	0.0	0.0	1.0	0.0	0.0	JAnDbot
1.0	1.0	0.0	0.0	0.0	0.0	1.0	0.0	0.0	JBradley Bot
1.0	0.0	0.0	0.0	0.0	0.0	0.0	0.0	0.0	JCW-CleanerBot
1.0	0.0	0.0	0.0	0.0	0.0	1.0	0.0	0.0	JCbot
1.0	0.0	0.0	0.0	0.0	0.0	1.0	0.0	0.0	JJBot
1.0	0.0	0.0	0.0	1.0	0.0	1.0	0.0	0.0	JJMC89 bot
0.0	0.0	0.0	0.0	1.0	0.0	0.0	0.0	0.0	JJMC89 bot II
1.0	0.0	0.0	0.0	0.0	0.0	1.0	0.0	0.0	JL-Bot
1.0	0.0	0.0	0.0	0.0	0.0	1.0	0.0	0.0	JMuniBot
1.0	0.0	0.0	0.0	0.0	0.0	0.0	0.0	0.0	JThorneBOT
1.0	0.0	0.0	0.0	0.0	0.0	1.0	0.0	0.0	JVbot
1.0	0.0	0.0	0.0	0.0	0.0	1.0	0.0	0.0	JYBot
1.0	0.0	0.0	1.0	0.0	0.0	0.0	0.0	0.0	JaGaBot
1.0	0.0	0.0	0.0	0.0	0.0	1.0	0.0	0.0	JabbaTheBot
1.0	0.0	0.0	1.0	0.0	0.0	0.0	0.0	0.0	JackieBot
1.0	0.0	0.0	0.0	0.0	0.0	1.0	0.0	0.0	JagRoBot
1.0	0.0	0.0	0.0	0.0	0.0	0.0	0.0	0.0	Jager Bot
1.0	0.0	0.0	0.0	0.0	0.0	0.0	0.0	0.0	JaguarBot
0.0	0.0	1.0	0.0	1.0	0.0	0.0	0.0	0.0	Jakebot
1.0	0.0	0.0	0.0	0.0	0.0	1.0	0.0	0.0	JamietwBot
1.0	0.0	0.0	1.0	0.0	0.0	1.0	0.0	0.0	Janna Isabot
1.0	0.0	0.0	1.0	0.0	0.0	1.0	0.0	0.0	Japbot
1.0	0.0	0.0	0.0	0.0	0.0	0.0	0.0	0.0	JarBot
1.0	0.0	0.0	1.0	0.0	0.0	0.0	0.0	0.0	JaskaBOT
0.0	0.0	0.0	0.0	0.0	0.0	0.0	0.0	1.0	Jayden54Bot
1.0	0.0	0.0	0.0	0.0	0.0	1.0	0.0	0.0	JdforresterBot
0.0	0.0	1.0	0.0	0.0	0.0	0.0	0.0	1.0	JeffGBot
1.0	0.0	0.0	1.0	0.0	0.0	1.0	0.0	0.0	Jerodlycett-autobot
1.0	0.0	0.0	0.0	0.0	0.0	0.0	0.0	0.0	JerryBot
1.0	0.0	1.0	0.0	0.0	0.0	0.0	0.0	0.0	JhealdBot
1.0	0.0	0.0	0.0	0.0	0.0	1.0	0.0	0.0	JhsBot
0.0	0.0	0.0	1.0	1.0	0.0	0.0	0.0	0.0	Jitse's bot
0.0	0.0	0.0	1.0	0.0	0.0	0.0	0.0	0.0	Jmax-bot
1.0	0.0	0.0	1.0	0.0	0.0	1.0	0.0	0.0	Jnanabot
1.0	1.0	0.0	0.0	0.0	0.0	1.0	0.0	0.0	Joe's Olympic Bot
1.0	0.0	0.0	0.0	0.0	0.0	0.0	0.0	0.0	JoeBot
1.0	0.0	0.0	0.0	0.0	0.0	0.0	0.0	0.0	Joel's Bot
1.0	0.0	0.0	0.0	0.0	0.0	0.0	0.0	0.0	JoelHelperBot
1.0	0.0	1.0	0.0	0.0	0.0	0.0	0.0	0.0	Jogersbot
1.0	0.0	1.0	1.0	0.0	0.0	0.0	0.0	0.0	John Bot III
1.0	0.0	1.0	0.0	0.0	0.0	0.0	0.0	0.0	John of Reading Bot
0.0	0.0	1.0	0.0	1.0	0.0	0.0	0.0	0.0	JohnFLBot
1.0	0.0	0.0	0.0	0.0	0.0	0.0	0.0	0.0	Jonjonbot
1.0	0.0	0.0	0.0	0.0	0.0	0.0	0.0	0.0	Jonny-bot
1.0	0.0	0.0	0.0	0.0	0.0	0.0	0.0	0.0	Josh3580 BOT
1.0	0.0	0.0	0.0	0.0	0.0	0.0	0.0	0.0	JoshurBot
1.0	0.0	0.0	0.0	0.0	0.0	1.0	0.0	0.0	Josvebot
1.0	0.0	0.0	0.0	0.0	0.0	1.0	0.0	0.0	Jotterbot
1.0	0.0	0.0	0.0	0.0	0.0	0.0	0.0	0.0	Jsgray1993
1.0	0.0	0.0	0.0	0.0	0.0	1.0	0.0	0.0	Jumbuck
1.0	0.0	0.0	0.0	0.0	0.0	1.0	0.0	0.0	Justincheng12345-bot
1.0	0.0	1.0	1.0	1.0	0.0	1.0	0.0	0.0	KLBot2
0.0	0.0	1.0	0.0	0.0	0.0	0.0	0.0	0.0	KMLbot
1.0	0.0	0.0	0.0	0.0	0.0	0.0	0.0	0.0	KSFT bot
0.0	0.0	0.0	1.0	0.0	0.0	0.0	0.0	0.0	KadaneBot
1.0	0.0	0.0	0.0	0.0	0.0	1.0	0.0	0.0	KaiserbBot
1.0	0.0	0.0	0.0	0.0	0.0	1.0	0.0	0.0	Kakashi Bot
1.0	0.0	0.0	0.0	0.0	0.0	1.0	0.0	0.0	Kal-El-Bot
1.0	0.0	0.0	0.0	0.0	0.0	1.0	0.0	0.0	KaldariBot
1.0	0.0	0.0	1.0	0.0	0.0	1.0	0.0	0.0	KamikazeBot
1.0	0.0	0.0	0.0	0.0	0.0	1.0	0.0	0.0	KarBOT
1.0	0.0	1.0	0.0	0.0	0.0	0.0	0.0	0.0	KarlsenBot
1.0	0.0	1.0	0.0	0.0	0.0	1.0	0.0	0.0	Kasirbot
1.0	0.0	1.0	1.0	0.0	0.0	0.0	0.0	0.0	KasparBot
1.0	0.0	0.0	0.0	0.0	0.0	1.0	0.0	0.0	Kaspobot
0.0	0.0	0.0	1.0	0.0	0.0	0.0	0.0	0.0	Kbdankbot
1.0	0.0	0.0	0.0	0.0	0.0	1.0	0.0	0.0	Ken123BOT
1.0	1.0	0.0	1.0	0.0	0.0	0.0	0.0	0.0	KevinBot
0.0	0.0	1.0	0.0	0.0	0.0	0.0	0.0	0.0	KevinalewisBot
1.0	0.0	0.0	0.0	0.0	0.0	1.0	0.0	0.0	Kgsbot
1.0	0.0	0.0	1.0	0.0	0.0	0.0	0.0	0.0	KharBot
1.0	0.0	0.0	1.0	0.0	0.0	1.0	0.0	0.0	KhiviBot
1.0	0.0	0.0	0.0	0.0	0.0	0.0	0.0	0.0	KhrisBot
1.0	0.0	0.0	0.0	0.0	0.0	0.0	0.0	0.0	KhunterBot
1.0	0.0	0.0	0.0	0.0	0.0	0.0	0.0	0.0	KidsBot
0.0	0.0	0.0	1.0	0.0	0.0	0.0	0.0	0.0	KiloBot
1.0	0.0	0.0	0.0	0.0	0.0	0.0	0.0	0.0	KingRbot
0.0	0.0	1.0	0.0	0.0	0.0	0.0	0.0	0.0	Kingbotk
0.0	0.0	1.0	1.0	1.0	0.0	0.0	0.0	1.0	KingpinBot
1.0	0.0	0.0	0.0	0.0	0.0	0.0	0.0	0.0	Kirkbot
1.0	0.0	0.0	0.0	0.0	0.0	1.0	0.0	0.0	Kisbesbot
1.0	0.0	0.0	0.0	0.0	0.0	1.0	0.0	0.0	KittyBot
1.0	0.0	0.0	0.0	0.0	0.0	1.0	0.0	0.0	Kl4m-AWB
1.0	0.0	0.0	0.0	0.0	0.0	1.0	0.0	0.0	Knedlik-Pod
1.0	0.0	0.0	0.0	0.0	0.0	1.0	0.0	0.0	KnightRider~enwiki
1.0	0.0	0.0	0.0	0.0	0.0	0.0	0.0	0.0	Kobotbel
1.0	0.0	0.0	0.0	0.0	0.0	1.0	0.0	0.0	KocjoBot~enwiki
0.0	0.0	1.0	0.0	1.0	0.0	0.0	0.0	0.0	KoehlBot
1.0	0.0	0.0	0.0	0.0	0.0	1.0	0.0	0.0	KolBot
1.0	0.0	0.0	0.0	0.0	0.0	0.0	0.0	0.0	KolbertBot
1.0	0.0	0.0	0.0	0.0	0.0	0.0	0.0	0.0	Kolega2357-Bot
1.0	1.0	0.0	0.0	0.0	0.0	0.0	0.0	0.0	Kotbot
1.0	0.0	1.0	1.0	1.0	0.0	1.0	0.0	0.0	Krdbot
0.0	0.0	1.0	0.0	0.0	0.0	0.0	0.0	0.0	KrimpBot
0.0	0.0	1.0	0.0	0.0	0.0	0.0	0.0	0.0	KslotteBot
1.0	0.0	0.0	1.0	0.0	0.0	0.0	0.0	0.0	KuduBot
1.0	0.0	0.0	0.0	0.0	0.0	1.0	0.0	0.0	Kumar Appaiah Bot
1.0	0.0	0.0	0.0	0.0	0.0	0.0	0.0	0.0	Kumi-Taskbot
1.0	0.0	0.0	0.0	1.0	0.0	1.0	0.0	0.0	Kurando-san
1.0	0.0	0.0	0.0	0.0	0.0	1.0	0.0	0.0	Kwjbot
1.0	0.0	0.0	0.0	0.0	0.0	1.0	0.0	0.0	Kyle the bot
1.0	0.0	0.0	0.0	0.0	0.0	1.0	0.0	0.0	L293D (AWB)
1.0	0.0	0.0	0.0	0.0	0.0	0.0	0.0	0.0	LA2-bot
1.0	0.0	0.0	0.0	0.0	0.0	1.0	0.0	0.0	LDBot
1.0	0.0	0.0	0.0	0.0	0.0	1.0	0.0	0.0	LSG1-Bot
1.0	0.0	0.0	0.0	0.0	0.0	1.0	0.0	0.0	LaaknorBot
0.0	0.0	0.0	1.0	0.0	0.0	0.0	0.0	0.0	Langbot
1.0	0.0	0.0	0.0	0.0	0.0	0.0	0.0	0.0	LantayBot
0.0	0.0	1.0	0.0	0.0	0.0	0.0	0.0	0.0	LaraBot
1.0	0.0	0.0	0.0	0.0	0.0	0.0	0.0	0.0	Latexbot
1.0	0.0	0.0	0.0	0.0	0.0	1.0	0.0	0.0	LatitudeBot
1.0	0.0	0.0	1.0	0.0	0.0	1.0	0.0	0.0	LawBot
1.0	0.0	0.0	0.0	0.0	0.0	0.0	0.0	0.0	Le Pied-bot~enwiki
1.0	0.0	0.0	0.0	0.0	0.0	1.0	0.0	0.0	Legobot
0.0	0.0	1.0	0.0	0.0	0.0	0.0	0.0	1.0	Legobot II
0.0	0.0	0.0	1.0	0.0	0.0	0.0	0.0	0.0	Legobot III
1.0	0.0	0.0	1.0	0.0	0.0	1.0	0.0	0.0	LerdsuwaBot
1.0	0.0	0.0	1.0	0.0	0.0	0.0	0.0	0.0	Lightbot
0.0	0.0	0.0	1.0	0.0	0.0	0.0	0.0	0.0	Ligulembot
0.0	0.0	0.0	1.0	1.0	0.0	0.0	0.0	0.0	LinkFA-Bot
0.0	0.0	0.0	1.0	0.0	0.0	0.0	0.0	0.0	ListGenBot
1.0	0.0	1.0	1.0	1.0	0.0	1.0	0.0	0.0	ListManBot
1.0	0.0	1.0	0.0	0.0	0.0	0.0	0.0	0.0	ListasBot
0.0	1.0	0.0	0.0	0.0	0.0	1.0	0.0	0.0	ListeriaBot
1.0	0.0	0.0	0.0	0.0	0.0	0.0	0.0	0.0	Livetslott
1.0	0.0	0.0	0.0	0.0	0.0	0.0	0.0	0.0	Livetslotteri
1.0	0.0	0.0	1.0	1.0	0.0	0.0	0.0	1.0	LivingBot
1.0	0.0	0.0	0.0	0.0	0.0	1.0	0.0	0.0	LkolblyBot
1.0	0.0	0.0	0.0	0.0	0.0	1.0	0.0	0.0	Lockalbot
1.0	0.0	0.0	0.0	0.0	0.0	0.0	0.0	0.0	Locke Bot
1.0	0.0	0.0	0.0	0.0	0.0	1.0	0.0	0.0	Locobot
1.0	0.0	0.0	0.0	0.0	0.0	0.0	0.0	0.0	LolBot
1.0	0.0	0.0	0.0	0.0	0.0	0.0	0.0	0.0	LolsimonBot
1.0	0.0	0.0	0.0	0.0	0.0	0.0	0.0	0.0	Longbot
1.0	0.0	0.0	0.0	0.0	0.0	0.0	0.0	0.0	Lonjers french region rename bot
1.0	0.0	0.0	0.0	0.0	0.0	1.0	0.0	0.0	LordAnubisBOT
1.0	0.0	0.0	0.0	0.0	0.0	0.0	0.0	0.0	LostBot
1.0	0.0	0.0	0.0	0.0	0.0	1.0	0.0	0.0	Louperibot
1.0	0.0	0.0	0.0	0.0	0.0	1.0	0.0	0.0	Loveless
1.0	0.0	0.0	1.0	0.0	0.0	0.0	0.0	0.0	Lowercase sigmabot
1.0	0.0	1.0	1.0	1.0	0.0	1.0	0.0	0.0	Lowercase sigmabot I
0.0	0.0	0.0	0.0	1.0	0.0	0.0	0.0	0.0	Lowercase sigmabot II
0.0	0.0	0.0	1.0	0.0	0.0	0.0	0.0	0.0	Lowercase sigmabot III
1.0	0.0	0.0	0.0	0.0	0.0	0.0	0.0	0.0	Lowercase sigmabot V
1.0	0.0	0.0	1.0	0.0	0.0	1.0	0.0	0.0	Lsmb-release-bot
1.0	0.0	0.0	0.0	0.0	0.0	1.0	0.0	0.0	Lt-wiki-bot
1.0	0.0	0.0	0.0	0.0	1.0	0.0	0.0	0.0	Luasóg bot
0.0	0.0	1.0	0.0	0.0	0.0	1.0	0.0	0.0	Lucasbfrbot
1.0	0.0	0.0	0.0	0.0	0.0	1.0	0.0	0.0	Lucia Bot
1.0	0.0	0.0	0.0	0.0	0.0	0.0	0.0	0.0	LucienBOT
1.0	0.0	0.0	0.0	0.0	0.0	1.0	0.0	0.0	Luckas-bot
1.0	0.0	0.0	1.0	0.0	0.0	1.0	0.0	0.0	LuddsBot
1.0	0.0	1.0	1.0	1.0	0.0	1.0	0.0	0.0	Luke081515Bot
1.0	0.0	0.0	0.0	0.0	0.0	0.0	0.0	0.0	Lunabot
1.0	0.0	0.0	0.0	0.0	0.0	1.0	0.0	0.0	LupinBot
1.0	0.0	0.0	0.0	0.0	0.0	1.0	0.0	0.0	LyricsBot
1.0	0.0	0.0	0.0	0.0	0.0	1.0	0.0	0.0	M-Bot
1.0	0.0	0.0	0.0	0.0	0.0	0.0	0.0	0.0	MBisanzBot
1.0	0.0	0.0	1.0	0.0	0.0	1.0	0.0	0.0	MBot~enwiki
1.0	0.0	0.0	0.0	0.0	0.0	1.0	0.0	0.0	MCBot
1.0	0.0	0.0	0.0	0.0	0.0	1.0	0.0	0.0	MGA73bot
1.0	0.0	0.0	0.0	0.0	0.0	0.0	0.0	0.0	MHP07Bot
0.0	0.0	1.0	0.0	0.0	0.0	0.0	0.0	0.0	MMABot
1.0	0.0	0.0	0.0	0.0	0.0	1.0	0.0	0.0	MOSNUM Bot
1.0	0.0	0.0	0.0	0.0	0.0	1.0	0.0	0.0	MPUploadBot
1.0	0.0	0.0	0.0	0.0	0.0	1.0	0.0	0.0	MSBOT
1.0	0.0	0.0	0.0	0.0	0.0	0.0	0.0	0.0	Maathavanbot
1.0	0.0	0.0	0.0	0.0	0.0	1.0	0.0	0.0	MaatyBot
1.0	0.0	0.0	0.0	0.0	0.0	0.0	0.0	0.0	MacMed auto
1.0	0.0	0.0	1.0	0.0	0.0	1.0	0.0	0.0	MacMedBot
1.0	0.0	0.0	0.0	0.0	0.0	0.0	0.0	0.0	Macro Bot
1.0	0.0	0.0	1.0	0.0	0.0	1.0	0.0	0.0	MadMarkbot
1.0	0.0	0.0	0.0	0.0	0.0	1.0	0.0	0.0	Madhubot
0.0	0.0	0.0	1.0	0.0	0.0	0.0	0.0	1.0	MadmanBot
1.0	0.0	1.0	1.0	0.0	0.0	0.0	0.0	0.0	Maelgwnbot
1.0	0.0	0.0	0.0	0.0	0.0	1.0	0.0	0.0	Magic links bot
1.0	0.0	1.0	1.0	1.0	0.0	1.0	0.0	0.0	MahdiBot
1.0	0.0	0.0	0.0	0.0	0.0	0.0	0.0	0.0	Mainulmizan bot
1.0	0.0	0.0	0.0	0.0	0.0	0.0	0.0	0.0	Mairibot
1.0	0.0	0.0	0.0	0.0	0.0	1.0	0.0	0.0	Makecat-bot
1.0	0.0	0.0	0.0	0.0	0.0	1.0	0.0	0.0	Maksim-bot
1.0	0.0	0.0	0.0	0.0	0.0	1.0	0.0	0.0	MalafayaBot
1.0	0.0	0.0	0.0	0.0	0.0	1.0	0.0	0.0	MalarzBOT
1.0	0.0	0.0	0.0	0.0	0.0	1.0	0.0	0.0	MandelBot
0.0	0.0	1.0	1.0	1.0	0.0	0.0	0.0	0.0	Manishbot
1.0	0.0	0.0	0.0	0.0	0.0	1.0	0.0	0.0	Manubot
1.0	0.0	0.0	0.0	0.0	0.0	1.0	0.0	0.0	Margosbot~enwiki
1.0	0.0	0.0	0.0	0.0	0.0	0.0	0.0	0.0	MarmaseBot
1.0	0.0	0.0	0.0	0.0	0.0	1.0	0.0	0.0	MarshBot
1.0	0.0	0.0	0.0	0.0	0.0	1.0	0.0	0.0	Martin's bot
1.0	0.0	0.0	0.0	0.0	0.0	0.0	1.0	0.0	MartinBot
1.0	0.0	1.0	1.0	1.0	0.0	1.0	0.0	1.0	MartinBotII
1.0	0.0	1.0	1.0	1.0	0.0	1.0	0.0	0.0	MartinBotIII
1.0	0.0	0.0	0.0	0.0	0.0	0.0	0.0	0.0	MartinBotIV
1.0	0.0	0.0	0.0	0.0	0.0	1.0	0.0	0.0	MastersBot
1.0	0.0	0.0	0.0	0.0	0.0	1.0	0.0	0.0	MastiBot
0.0	0.0	0.0	1.0	1.0	1.0	0.0	0.0	0.0	Mathbot
1.0	0.0	0.0	0.0	0.0	0.0	0.0	0.0	0.0	Matt Crypto (bot)
0.0	0.0	1.0	0.0	1.0	0.0	0.0	0.0	0.0	Matthewrbot
1.0	0.0	0.0	0.0	0.0	0.0	1.0	0.0	0.0	MauchoBot
0.0	0.0	0.0	0.0	0.0	0.0	1.0	0.0	0.0	MauritsBot
0.0	0.0	0.0	0.0	1.0	0.0	0.0	0.0	0.0	MayorofrosharonBot
1.0	0.0	0.0	0.0	0.0	0.0	0.0	0.0	0.0	MazinBot
1.0	0.0	0.0	0.0	0.0	0.0	1.0	0.0	0.0	McM.bot
1.0	0.0	0.0	0.0	0.0	0.0	0.0	0.0	0.0	Mcrbot
1.0	0.0	0.0	1.0	0.0	0.0	0.0	0.0	0.0	Mdann52 bot
1.0	0.0	0.0	0.0	0.0	0.0	0.0	0.0	0.0	MedHrox
1.0	0.0	0.0	0.0	0.0	0.0	1.0	0.0	0.0	MedcabBot
0.0	0.0	0.0	0.0	0.0	0.0	0.0	0.0	1.0	MediaWiki message delivery
1.0	0.0	0.0	0.0	0.0	0.0	1.0	0.0	0.0	MediationBot
1.0	0.0	0.0	0.0	0.0	0.0	1.0	0.0	0.0	MediationBot1
1.0	0.0	0.0	0.0	0.0	0.0	0.0	0.0	0.0	Meker Edtitor1
0.0	0.0	1.0	1.0	0.0	0.0	0.0	0.0	0.0	MelonBot
1.0	0.0	0.0	0.0	0.0	0.0	1.0	0.0	0.0	Memty Bot
0.0	0.0	1.0	0.0	0.0	0.0	0.0	0.0	0.0	MenasimBot
1.0	0.0	1.0	1.0	1.0	0.0	1.0	0.0	0.0	Mendeleevbot
1.0	0.0	0.0	0.0	0.0	0.0	1.0	0.0	0.0	MenoBot
0.0	0.0	1.0	0.0	0.0	0.0	0.0	0.0	0.0	MenoBot II
1.0	0.0	0.0	0.0	0.0	0.0	1.0	0.0	0.0	Mentibot
0.0	0.0	0.0	1.0	1.0	0.0	0.0	0.0	0.0	Merge bot
1.0	0.0	0.0	0.0	0.0	0.0	0.0	0.0	0.0	MerlBot
1.0	0.0	0.0	0.0	0.0	0.0	1.0	0.0	0.0	MerlIwBot
1.0	0.0	0.0	0.0	0.0	0.0	1.0	0.0	0.0	MerlLinkBot
1.0	0.0	0.0	0.0	0.0	0.0	0.0	0.0	0.0	MessageDeliveryBot
1.0	0.0	0.0	0.0	0.0	0.0	0.0	0.0	0.0	MessengerBot~enwiki
1.0	0.0	0.0	0.0	0.0	0.0	0.0	0.0	0.0	Metriki
1.0	0.0	0.0	0.0	0.0	0.0	0.0	0.0	0.0	MetrikiBot
1.0	0.0	0.0	1.0	0.0	0.0	0.0	0.0	0.0	MetsBot
1.0	0.0	0.0	0.0	0.0	0.0	0.0	0.0	0.0	MfDBot
0.0	0.0	0.0	1.0	0.0	0.0	0.0	0.0	0.0	Mgmbot
1.0	0.0	1.0	0.0	1.0	0.0	0.0	1.0	0.0	MichaelBillingtonBot
1.0	0.0	0.0	1.0	0.0	0.0	0.0	0.0	1.0	MichaelkourlasBot
0.0	0.0	1.0	0.0	0.0	0.0	0.0	0.0	1.0	MifterBot
0.0	0.0	1.0	0.0	0.0	0.0	0.0	0.0	0.0	MifterBot I
1.0	0.0	0.0	0.0	0.0	0.0	1.0	0.0	0.0	Mihas-bot
1.0	0.0	0.0	0.0	0.0	0.0	0.0	0.0	0.0	MikemoralBot
1.0	0.0	0.0	1.0	1.0	0.0	0.0	0.0	0.0	MilHistBot
1.0	0.0	0.0	0.0	0.0	0.0	1.0	0.0	0.0	Milk's Favorite Bot
1.0	0.0	0.0	0.0	0.0	0.0	1.0	0.0	0.0	Milk's Favorite Bot II
1.0	0.0	0.0	0.0	0.0	0.0	1.0	0.0	0.0	Minsbot
1.0	0.0	1.0	1.0	1.0	0.0	1.0	0.0	0.0	MinusBot
0.0	0.0	0.0	1.0	0.0	0.0	0.0	0.0	1.0	MiszaBot
1.0	0.0	0.0	0.0	0.0	0.0	0.0	0.0	0.0	MiszaBot I
1.0	0.0	0.0	0.0	0.0	0.0	0.0	0.0	0.0	MiszaBot II
1.0	0.0	0.0	0.0	0.0	0.0	0.0	0.0	0.0	MiszaBot III
1.0	0.0	0.0	0.0	0.0	0.0	0.0	0.0	0.0	MixBot
1.0	0.0	0.0	0.0	0.0	0.0	1.0	0.0	0.0	Mjbmrbot
1.0	0.0	0.0	0.0	0.0	0.0	0.0	0.0	0.0	Mkdw Bot
1.0	0.0	0.0	0.0	0.0	0.0	1.0	0.0	0.0	Mmbot
1.0	0.0	0.0	0.0	0.0	0.0	0.0	0.0	0.0	MohandesBot
0.0	0.0	1.0	0.0	1.0	0.0	0.0	0.0	0.0	MomijiRoBot
0.0	0.0	0.0	0.0	0.0	0.0	1.0	0.0	0.0	MondalorBot
1.0	0.0	0.0	0.0	0.0	0.0	0.0	0.0	0.0	Monkbot
1.0	0.0	1.0	1.0	0.0	0.0	0.0	0.0	0.0	MonoBot
1.0	0.0	1.0	0.0	0.0	0.0	0.0	0.0	0.0	MoohanBOT
1.0	0.0	0.0	0.0	0.0	0.0	1.0	0.0	0.0	MoondyneAWB
1.0	0.0	0.0	0.0	0.0	0.0	0.0	0.0	0.0	MoondyneBot
1.0	0.0	0.0	0.0	0.0	0.0	0.0	0.0	0.0	MoovidaBot
1.0	0.0	0.0	0.0	0.0	0.0	1.0	0.0	0.0	MotinBot
1.0	0.0	0.0	0.0	0.0	0.0	1.0	0.0	0.0	Movses-bot
0.0	0.0	1.0	1.0	0.0	0.0	0.0	0.0	0.0	Mr.Z-bot
1.0	0.0	0.0	0.0	0.0	0.0	1.0	0.0	0.0	MrVanBot
1.0	0.0	0.0	0.0	0.0	0.0	1.0	0.0	0.0	MuZebot
1.0	0.0	0.0	1.0	0.0	0.0	1.0	0.0	0.0	Mulder416sBot
1.0	0.0	0.0	0.0	0.0	0.0	0.0	0.0	0.0	Muninnbot
1.0	0.0	0.0	0.0	0.0	0.0	0.0	0.0	0.0	Munjabot~usurped
1.0	0.0	0.0	0.0	0.0	0.0	0.0	0.0	0.0	Muro Bot
0.0	0.0	1.0	1.0	1.0	0.0	1.0	0.0	0.0	MusikBot
0.0	0.0	1.0	1.0	1.0	0.0	0.0	0.0	0.0	MusikBot II
1.0	0.0	0.0	0.0	0.0	0.0	1.0	0.0	0.0	Mutleybot
1.0	0.0	0.0	0.0	0.0	0.0	1.0	0.0	0.0	MystBot
1.0	0.0	0.0	0.0	0.0	0.0	1.0	0.0	0.0	N-Bot
1.0	0.0	0.0	1.0	0.0	0.0	1.0	0.0	0.0	NNBot
1.0	0.0	0.0	0.0	0.0	0.0	1.0	0.0	0.0	NVS(bot)
0.0	0.0	0.0	0.0	0.0	0.0	1.0	1.0	1.0	NW557Bot
1.0	0.0	0.0	0.0	0.0	0.0	1.0	0.0	0.0	Nallimbot
1.0	0.0	0.0	0.0	0.0	0.0	0.0	0.0	0.0	NameBot~enwiki
1.0	0.0	0.0	0.0	0.0	0.0	0.0	0.0	0.0	NanoBot
1.0	0.0	0.0	0.0	0.0	0.0	0.0	0.0	0.0	Naohiro19bot
0.0	0.0	1.0	0.0	1.0	0.0	0.0	0.0	0.0	Naomi2319bot
1.0	0.0	0.0	0.0	0.0	0.0	0.0	0.0	0.0	NathanBot
1.0	0.0	0.0	0.0	0.0	0.0	1.0	0.0	0.0	Natig98bot
0.0	0.0	1.0	0.0	0.0	0.0	0.0	0.0	0.0	NationalRegisterBot
1.0	0.0	0.0	0.0	0.0	0.0	1.0	0.0	0.0	Naudefjbot~enwiki
1.0	0.0	0.0	1.0	0.0	0.0	1.0	0.0	0.0	Navibot
1.0	0.0	0.0	0.0	0.0	0.0	1.0	0.0	0.0	NedBot
0.0	0.0	1.0	0.0	1.0	0.0	0.0	0.0	0.0	NeechalBOT
1.0	0.0	1.0	1.0	0.0	0.0	0.0	1.0	0.0	NekoBot
1.0	0.0	1.0	1.0	0.0	0.0	0.0	0.0	0.0	NekoDaemon
1.0	0.0	0.0	0.0	0.0	0.0	1.0	0.0	0.0	NeraBot
1.0	0.0	0.0	0.0	0.0	0.0	0.0	0.0	0.0	NerdyScienceBot
1.0	0.0	0.0	0.0	0.0	0.0	1.0	0.0	0.0	NetBot
0.0	0.0	1.0	1.0	0.0	0.0	0.0	1.0	1.0	NeuRobot
1.0	0.0	0.0	1.0	0.0	0.0	1.0	0.0	0.0	Newsletterbot
1.0	0.0	0.0	0.0	0.0	0.0	1.0	0.0	0.0	Nguoimay
1.0	0.0	0.0	0.0	0.0	0.0	0.0	0.0	0.0	Nichalp-bot
1.0	0.0	0.0	0.0	0.0	0.0	0.0	0.0	0.0	NihiltresBot
0.0	0.0	0.0	1.0	1.0	0.0	1.0	0.0	0.0	NihlusBOT
1.0	0.0	0.0	0.0	0.0	0.0	1.0	0.0	0.0	NilfaBot
1.0	0.0	0.0	0.0	0.0	0.0	1.0	0.0	0.0	Nixbot
1.0	0.0	0.0	0.0	0.0	0.0	1.0	0.0	0.0	NjardarBot
1.0	0.0	0.0	0.0	0.0	0.0	1.0	0.0	0.0	NobelBot
1.0	0.0	0.0	0.0	0.0	0.0	0.0	0.0	0.0	Noble Story Bot
1.0	0.0	0.0	1.0	0.0	0.0	0.0	0.0	0.0	Nobot~enwiki
1.0	0.0	0.0	0.0	0.0	0.0	1.0	0.0	0.0	NodBot
1.0	0.0	0.0	0.0	0.0	0.0	1.0	0.0	0.0	NohatBot
1.0	0.0	0.0	1.0	0.0	0.0	1.0	0.0	0.0	NolBot
1.0	0.0	0.0	0.0	0.0	0.0	1.0	0.0	0.0	Nomenclaturebrowser
1.0	0.0	0.0	1.0	0.0	0.0	0.0	0.0	1.0	NoomBot
1.0	0.0	0.0	0.0	0.0	0.0	0.0	0.0	0.0	NorefBot
0.0	0.0	0.0	0.0	1.0	0.0	0.0	0.0	0.0	NotACoolBot
1.0	0.0	0.0	0.0	0.0	0.0	0.0	0.0	0.0	Nothingbot
1.0	0.0	0.0	0.0	0.0	0.0	1.0	0.0	0.0	NovBot
0.0	0.0	0.0	1.0	0.0	0.0	0.0	0.0	0.0	NrhpBot
0.0	0.0	0.0	1.0	0.0	0.0	0.0	0.0	0.0	NukeBot
1.0	0.0	1.0	0.0	0.0	0.0	1.0	0.0	0.0	Numbo3-bot
1.0	0.0	0.0	1.0	0.0	0.0	1.0	0.0	0.0	Numptybot
1.0	0.0	0.0	1.0	0.0	0.0	1.0	0.0	0.0	O bot
1.0	0.0	0.0	0.0	0.0	0.0	0.0	0.0	0.0	OAbot
1.0	0.0	0.0	0.0	0.0	0.0	0.0	0.0	0.0	OKBot
1.0	0.0	0.0	0.0	0.0	0.0	0.0	0.0	0.0	ONKbot
1.0	0.0	0.0	0.0	0.0	0.0	1.0	0.0	0.0	Obersachsebot
1.0	0.0	0.0	0.0	0.0	0.0	0.0	0.0	0.0	Ocobot
1.0	0.0	0.0	0.0	0.0	0.0	0.0	0.0	0.0	OctraBot
1.0	0.0	0.0	0.0	0.0	0.0	0.0	0.0	0.0	OgreBot
1.0	0.0	0.0	0.0	0.0	0.0	0.0	0.0	0.0	Ohms Law Bot
1.0	0.0	0.0	0.0	0.0	0.0	1.0	0.0	0.0	OldMedcabBot
1.0	0.0	0.0	0.0	0.0	0.0	0.0	0.0	0.0	OmarGhridaBot
1.0	0.0	0.0	1.0	0.0	0.0	0.0	0.0	0.0	OmniBot
0.0	0.0	0.0	1.0	0.0	0.0	1.0	0.0	0.0	One bot
1.0	1.0	1.0	0.0	1.0	0.0	0.0	0.0	0.0	OpenlibraryBot
1.0	0.0	0.0	1.0	0.0	0.0	0.0	0.0	0.0	Ops Monitor (WMF)
1.0	0.0	0.0	0.0	0.0	0.0	1.0	0.0	0.0	OrBot
1.0	0.0	0.0	0.0	0.0	0.0	1.0	0.0	0.0	OrophinBot
1.0	0.0	0.0	0.0	0.0	0.0	0.0	1.0	1.0	OrphanBot
1.0	0.0	1.0	0.0	0.0	0.0	0.0	1.0	1.0	Orphaned image deletion bot
1.0	0.0	0.0	0.0	0.0	0.0	0.0	0.0	0.0	Orphaned talkpage deletion bot
1.0	0.0	1.0	1.0	1.0	0.0	1.0	0.0	0.0	OutreachDashboardBot
1.0	0.0	1.0	0.0	0.0	0.0	0.0	0.0	0.0	OverlordQBot
0.0	0.0	0.0	0.0	0.0	1.0	0.0	0.0	1.0	PALZ9000
1.0	0.0	0.0	0.0	0.0	0.0	1.0	0.0	0.0	PC78-bot
1.0	0.0	0.0	0.0	0.0	0.0	1.0	0.0	0.0	PCbot
1.0	0.0	0.0	0.0	0.0	0.0	1.0	0.0	0.0	PDBbot
1.0	0.0	1.0	0.0	0.0	0.0	0.0	0.0	0.0	PDFbot
1.0	0.0	0.0	0.0	0.0	0.0	1.0	0.0	0.0	PNG crusade bot
0.0	0.0	0.0	0.0	1.0	0.0	0.0	0.0	0.0	PNG recompression
0.0	0.0	1.0	0.0	0.0	0.0	0.0	0.0	0.0	PaievBot
0.0	0.0	0.0	1.0	0.0	0.0	0.0	0.0	0.0	Panicbot
1.0	0.0	0.0	1.0	0.0	0.0	1.0	0.0	0.0	PanzerBot
1.0	0.0	1.0	1.0	1.0	0.0	1.0	0.0	0.0	Parent5446 Bot
1.0	0.0	0.0	0.0	0.0	0.0	0.0	0.0	0.0	PasabaUnBotPorAqui
1.0	0.0	0.0	0.0	0.0	0.0	1.0	0.0	0.0	PascalBot
1.0	0.0	0.0	0.0	0.0	0.0	0.0	0.0	0.0	PatersBot
0.0	0.0	1.0	0.0	1.0	0.0	0.0	0.0	0.0	Pathbot
1.0	0.0	0.0	1.0	0.0	0.0	1.0	0.0	0.0	Pathosbot
1.0	0.0	0.0	0.0	0.0	0.0	0.0	0.0	0.0	Patrick87-Bot
1.0	0.0	0.0	0.0	0.0	0.0	1.0	0.0	0.0	Pattonbot
1.0	0.0	0.0	1.0	0.0	0.0	1.0	0.0	0.0	PattyBot
1.0	0.0	0.0	0.0	0.0	0.0	0.0	0.0	0.0	PavloChemBot
1.0	0.0	1.0	0.0	0.0	0.0	0.0	0.0	0.0	PbBot
1.0	0.0	0.0	1.0	0.0	0.0	0.0	0.0	0.0	Pearle
1.0	0.0	1.0	0.0	0.0	0.0	1.0	0.0	0.0	Peelbot
0.0	0.0	0.0	0.0	1.0	0.0	0.0	0.0	0.0	PeerReviewBot
1.0	0.0	0.0	0.0	0.0	0.0	0.0	0.0	0.0	Pegasusbot
1.0	1.0	1.0	0.0	1.0	0.0	0.0	0.0	0.0	People-n-photo-bot
1.0	1.0	1.0	0.0	1.0	0.0	0.0	0.0	0.0	People-photo-bot
1.0	0.0	0.0	0.0	0.0	0.0	0.0	0.0	0.0	PereBot
1.0	0.0	0.0	0.0	0.0	0.0	1.0	0.0	0.0	Perebot~enwiki
1.0	0.0	0.0	0.0	0.0	0.0	0.0	0.0	0.0	PerlegoEditorBot
0.0	0.0	0.0	1.0	0.0	0.0	0.0	0.0	0.0	Petan-Bot
1.0	0.0	0.0	0.0	0.0	0.0	1.0	0.0	0.0	Peti610botH
1.0	0.0	0.0	0.0	0.0	0.0	0.0	0.0	0.0	Petr Kyborg
1.0	0.0	0.0	0.0	0.0	0.0	0.0	0.0	0.0	PfamWikiBot
1.0	0.0	0.0	0.0	0.0	0.0	1.0	0.0	0.0	Pfft Bot~enwiki
1.0	0.0	0.0	1.0	0.0	0.0	1.0	0.0	0.0	Phe-bot
1.0	0.0	0.0	0.0	0.0	0.0	1.0	0.0	0.0	PhiloBot
1.0	0.0	0.0	0.0	0.0	0.0	0.0	0.0	0.0	Philosobot
1.0	0.0	1.0	0.0	0.0	0.0	1.0	0.0	0.0	Philosopher-Bot
1.0	0.0	0.0	0.0	0.0	0.0	1.0	0.0	0.0	Phoenix-bot
0.0	0.0	1.0	0.0	0.0	0.0	0.0	0.0	0.0	PhotoCatBot
1.0	0.0	0.0	0.0	0.0	0.0	0.0	0.0	0.0	PhyloBot
1.0	0.0	0.0	0.0	0.0	0.0	1.0	0.0	0.0	Pi's Bot
1.0	0.0	0.0	0.0	0.0	0.0	0.0	0.0	0.0	PikminBot
1.0	0.0	0.0	1.0	0.0	0.0	1.0	0.0	0.0	PinpointBot
1.0	0.0	0.0	0.0	0.0	0.0	1.0	0.0	0.0	PipepBot
1.0	0.0	0.0	0.0	0.0	0.0	1.0	0.0	0.0	PixelBot
1.0	0.0	1.0	0.0	0.0	0.0	0.0	0.0	0.0	PkbwcgsBot
1.0	0.0	0.0	0.0	0.0	0.0	1.0	0.0	0.0	PlangeBot
1.0	0.0	0.0	0.0	0.0	0.0	1.0	0.0	0.0	PlankBot
1.0	0.0	0.0	0.0	0.0	0.0	1.0	0.0	0.0	Planktonbot
1.0	0.0	0.0	0.0	0.0	0.0	1.0	0.0	0.0	Plasticbot
0.0	0.0	0.0	0.0	1.0	0.0	0.0	0.0	0.0	PleaseStand (bot)
1.0	0.0	0.0	0.0	0.0	0.0	1.0	0.0	0.0	PmegBot
0.0	0.0	0.0	1.0	0.0	0.0	0.0	0.0	0.0	PocKleanBot
1.0	0.0	1.0	1.0	0.0	0.0	0.0	1.0	1.0	PockBot
1.0	0.0	0.0	1.0	0.0	0.0	1.0	0.0	0.0	PointBot
1.0	0.0	0.0	0.0	0.0	0.0	1.0	0.0	0.0	Pokbot
1.0	0.0	0.0	0.0	0.0	0.0	1.0	0.0	0.0	PolarBot
1.0	0.0	1.0	1.0	0.0	0.0	0.0	0.0	0.0	Polbot
1.0	0.0	0.0	1.0	0.0	0.0	1.0	0.0	0.0	PoplLyricsBot
1.0	0.0	0.0	0.0	0.0	0.0	0.0	0.0	0.0	Porchcorpterbot
1.0	0.0	0.0	0.0	0.0	0.0	0.0	0.0	0.0	Portal box bot
1.0	0.0	0.0	0.0	0.0	0.0	1.0	0.0	0.0	PortalBot~enwiki
1.0	0.0	0.0	0.0	0.0	0.0	1.0	0.0	0.0	PorthosBot
1.0	0.0	0.0	0.0	0.0	0.0	0.0	0.0	0.0	PostOnTalk
1.0	1.0	0.0	0.0	0.0	0.0	1.0	0.0	0.0	PotatoBot
0.0	0.0	1.0	0.0	0.0	0.0	0.0	0.0	0.0	PowerBOT
1.0	0.0	0.0	0.0	0.0	0.0	0.0	0.0	0.0	Pp-bot
1.0	0.0	0.0	0.0	0.0	0.0	1.0	0.0	0.0	Pparazorbot
1.0	0.0	0.0	0.0	0.0	0.0	0.0	0.0	0.0	Prabot
1.0	0.0	0.0	1.0	0.0	0.0	1.0	0.0	0.0	PraetorianCheese
1.0	0.0	0.0	0.0	0.0	0.0	0.0	0.0	0.0	Pranbot
1.0	0.0	0.0	0.0	0.0	0.0	0.0	0.0	0.0	PrimeBOT
1.0	0.0	0.0	0.0	0.0	0.0	0.0	0.0	0.0	Prof.Bot.1
0.0	0.0	1.0	0.0	1.0	0.0	0.0	0.0	0.0	ProgrammingBot
1.0	0.0	0.0	0.0	0.0	0.0	0.0	0.0	0.0	ProgreSS
1.0	0.0	0.0	0.0	0.0	0.0	1.0	0.0	0.0	Project Messenger Bot
1.0	0.0	0.0	0.0	0.0	0.0	0.0	0.0	0.0	Project Rastko bot
0.0	0.0	1.0	0.0	1.0	0.0	0.0	0.0	0.0	Prombot
0.0	0.0	0.0	1.0	0.0	0.0	0.0	0.0	0.0	ProtectionBot
1.0	0.0	1.0	1.0	0.0	0.0	0.0	0.0	0.0	ProtectionTaggingBot
1.0	1.0	0.0	0.0	0.0	0.0	0.0	0.0	0.0	ProteinBoxBot
1.0	0.0	0.0	0.0	0.0	0.0	0.0	0.0	0.0	PrzemuBot
1.0	0.0	0.0	0.0	0.0	0.0	1.0	0.0	0.0	PsBot
1.0	0.0	1.0	0.0	0.0	0.0	0.0	0.0	0.0	PseudoBot
1.0	0.0	0.0	0.0	0.0	0.0	1.0	0.0	0.0	PsychAWB
1.0	0.0	0.0	1.0	0.0	0.0	1.0	0.0	0.0	Ptbotgourou
1.0	0.0	0.0	0.0	0.0	0.0	1.0	0.0	0.0	Puggansbot
1.0	0.0	0.0	0.0	0.0	0.0	1.0	0.0	0.0	Purbo T
1.0	0.0	0.0	0.0	0.0	0.0	1.0	0.0	0.0	PxBot
1.0	0.0	0.0	0.0	0.0	0.0	0.0	0.0	0.0	PxBot II
1.0	0.0	0.0	0.0	0.0	0.0	1.0	0.0	0.0	QOTDBot
1.0	1.0	0.0	0.0	0.0	0.0	0.0	0.0	0.0	Qbugbot
1.0	0.0	0.0	1.0	0.0	0.0	1.0	0.0	0.0	QovulwBot
1.0	0.0	0.0	0.0	0.0	0.0	1.0	0.0	0.0	QualiaBot
1.0	0.0	0.0	0.0	0.0	0.0	0.0	0.0	0.0	QuerubBOT
1.0	0.0	0.0	0.0	0.0	0.0	0.0	0.0	0.0	QuestionCopyright
1.0	0.0	0.0	0.0	0.0	0.0	1.0	0.0	0.0	R Delivery Bot
1.0	0.0	0.0	0.0	0.0	0.0	1.0	0.0	0.0	R. Hillgentleman
1.0	0.0	1.0	0.0	0.0	0.0	0.0	0.0	0.0	RBot~enwiki
1.0	0.0	0.0	1.0	0.0	0.0	1.0	0.0	0.0	RCBot~enwiki
1.0	0.0	0.0	0.0	0.0	0.0	0.0	0.0	0.0	RFC bot
0.0	0.0	0.0	1.0	0.0	0.0	0.0	0.0	0.0	RFC posting script
1.0	0.0	0.0	0.0	0.0	0.0	1.0	0.0	0.0	RFRBot
1.0	0.0	0.0	0.0	0.0	0.0	0.0	0.0	0.0	RHbot
1.0	0.0	1.0	0.0	0.0	0.0	0.0	1.0	0.0	RM bot
1.0	0.0	0.0	1.0	0.0	0.0	0.0	0.0	1.0	RMCD bot
1.0	0.0	0.0	1.0	0.0	0.0	0.0	0.0	0.0	RSElectionBot
1.0	0.0	0.0	0.0	0.0	0.0	1.0	0.0	0.0	RWHbot
1.0	0.0	0.0	0.0	0.0	0.0	1.0	0.0	0.0	RaBOTnik
1.0	0.0	0.0	0.0	0.0	0.0	1.0	0.0	0.0	Rabbot
1.0	0.0	0.0	0.0	0.0	0.0	0.0	0.0	0.0	RaftaarBot
1.0	1.0	1.0	1.0	1.0	0.0	1.0	0.0	0.0	RagesossBot
1.0	0.0	0.0	0.0	0.0	0.0	1.0	0.0	0.0	Rahhib
1.0	0.0	1.0	0.0	1.0	0.0	1.0	0.0	1.0	Ralbot
1.0	0.0	0.0	0.0	0.0	0.0	0.0	0.0	0.0	Ramaksoud2000Bot
1.0	1.0	0.0	0.0	0.0	0.0	1.0	0.0	0.0	Rambot
1.0	0.0	0.0	0.0	0.0	0.0	1.0	0.0	0.0	Rameshngbot
1.0	0.0	0.0	0.0	0.0	0.0	1.0	0.0	0.0	RapidBot
0.0	0.0	0.0	1.0	0.0	0.0	0.0	0.0	0.0	RaptureBot
1.0	0.0	1.0	1.0	1.0	0.0	1.0	0.0	0.0	Razibot
1.0	0.0	0.0	1.0	0.0	0.0	1.0	0.0	0.0	Reader bot
1.0	0.0	0.0	0.0	0.0	0.0	0.0	0.0	0.0	ReaperBot
1.0	0.0	0.0	0.0	0.0	0.0	0.0	0.0	0.0	ReaperBot X
1.0	0.0	0.0	0.0	0.0	0.0	1.0	0.0	0.0	RebelRobot
1.0	0.0	0.0	0.0	0.0	0.0	1.0	0.0	0.0	Red Thrush's Bot
1.0	0.0	0.0	0.0	0.0	0.0	1.0	0.0	0.0	RedBot
1.0	0.0	0.0	0.0	0.0	0.0	0.0	0.0	0.0	Redirect fixer
1.0	0.0	1.0	0.0	0.0	0.0	0.0	0.0	0.0	Reedy Bot
1.0	0.0	0.0	0.0	0.0	0.0	0.0	0.0	0.0	RefBot
1.0	0.0	0.0	0.0	0.0	0.0	1.0	0.0	0.0	RefDeskBot
0.0	0.0	0.0	0.0	0.0	1.0	0.0	0.0	1.0	ReferenceBot
1.0	0.0	0.0	1.0	0.0	0.0	0.0	0.0	0.0	Rei-bot
1.0	0.0	0.0	0.0	0.0	0.0	1.0	0.0	0.0	ReigneBOT
1.0	0.0	0.0	1.0	0.0	0.0	1.0	0.0	0.0	RelistBot
1.0	0.0	0.0	0.0	0.0	0.0	1.0	0.0	0.0	RepairBot
0.0	0.0	0.0	1.0	0.0	0.0	0.0	0.0	0.0	Reports bot
1.0	0.0	0.0	1.0	0.0	0.0	1.0	0.0	0.0	RetractionBot
1.0	0.0	0.0	0.0	0.0	0.0	1.0	0.0	0.0	Rezabot
1.0	0.0	0.0	0.0	0.0	0.0	0.0	0.0	0.0	Rfambot
1.0	0.0	0.0	0.0	0.0	0.0	1.0	0.0	0.0	Riad.Bot~enwiki
1.0	0.0	0.0	0.0	0.0	0.0	1.0	0.0	0.0	RibotBOT
1.0	0.0	0.0	0.0	0.0	0.0	1.0	0.0	0.0	Riccardobot
0.0	0.0	0.0	1.0	0.0	0.0	0.0	0.0	0.0	RichardcavellBot
1.0	0.0	0.0	1.0	0.0	0.0	0.0	0.0	0.0	Rick Bot
1.0	0.0	1.0	0.0	0.0	0.0	0.0	0.0	0.0	RileyBot
1.0	0.0	0.0	0.0	0.0	0.0	0.0	0.0	0.0	Ringobot
1.0	0.0	0.0	0.0	0.0	0.0	0.0	0.0	0.0	Ripchip Bot
1.0	0.0	0.0	0.0	0.0	0.0	0.0	0.0	0.0	RjpBot
1.0	1.0	1.0	0.0	0.0	0.0	0.0	0.0	0.0	RjwilmsiBot
1.0	0.0	0.0	0.0	0.0	0.0	1.0	0.0	0.0	Rob110178bot
1.0	0.0	0.0	1.0	0.0	0.0	0.0	0.0	0.0	Robbot
1.0	0.0	0.0	0.0	0.0	0.0	0.0	0.0	0.0	Robert SkyBot
1.0	0.0	0.0	0.0	0.0	0.0	1.0	0.0	0.0	RoboDick~enwiki
1.0	0.0	0.0	0.0	0.0	0.0	1.0	0.0	0.0	RoboMaxCyberSem
1.0	0.0	0.0	0.0	0.0	0.0	1.0	0.0	0.0	RoboServien
1.0	0.0	0.0	0.0	0.0	0.0	1.0	0.0	0.0	RobotE
1.0	0.0	0.0	0.0	0.0	0.0	1.0	0.0	0.0	RobotG
1.0	0.0	0.0	0.0	0.0	0.0	1.0	0.0	0.0	RobotJcb
1.0	0.0	0.0	1.0	0.0	0.0	1.0	0.0	0.0	RobotQuistnix
0.0	0.0	0.0	1.0	0.0	0.0	0.0	0.0	0.0	Robotic Garden
1.0	0.0	0.0	0.0	0.0	0.0	1.0	0.0	0.0	Roboto de Ajvol
1.0	0.0	0.0	1.0	0.0	0.0	1.0	0.0	0.0	Robthbot
1.0	0.0	1.0	0.0	0.0	0.0	0.0	0.0	0.0	RockfangBot
1.0	0.0	0.0	1.0	0.0	0.0	1.0	0.0	0.0	Rodrigo Padula (BOT)
1.0	0.0	0.0	0.0	0.0	0.0	0.0	0.0	0.0	RoggBot
1.0	0.0	0.0	0.0	0.0	0.0	1.0	0.0	0.0	RollbackerBOT
1.0	0.0	0.0	0.0	0.0	0.0	0.0	0.0	0.0	RomanianFootballBot
1.0	0.0	1.0	1.0	1.0	0.0	0.0	1.0	0.0	RonBot
0.0	0.0	0.0	1.0	0.0	0.0	0.0	0.0	0.0	RonaldBot
1.0	0.0	0.0	1.0	0.0	0.0	1.0	0.0	0.0	Roomba
1.0	0.0	0.0	0.0	0.0	0.0	1.0	0.0	0.0	Rootology Bot
1.0	0.0	0.0	1.0	0.0	0.0	1.0	0.0	0.0	RoryBot
1.0	0.0	0.0	0.0	0.0	0.0	1.0	0.0	0.0	RotlinkBot
1.0	0.0	1.0	1.0	0.0	0.0	0.0	0.0	1.0	Rschen7754bot
0.0	0.0	1.0	1.0	1.0	0.0	0.0	0.0	0.0	RscprinterBot
1.0	0.0	0.0	0.0	0.0	0.0	1.0	0.0	0.0	Rubinbot
0.0	1.0	1.0	0.0	0.0	0.0	0.0	0.0	0.0	RussBot
1.0	0.0	0.0	1.0	0.0	0.0	1.0	0.0	0.0	RyRyBot
1.0	0.0	0.0	0.0	0.0	0.0	0.0	0.0	0.0	Ryan Vesey Bot
1.0	0.0	0.0	0.0	0.0	0.0	0.0	0.0	0.0	Ryan-Bot
1.0	0.0	0.0	0.0	0.0	0.0	0.0	0.0	0.0	Rø bot
1.0	0.0	0.0	0.0	0.0	0.0	1.0	0.0	0.0	SAMI.Bot
1.0	0.0	0.0	0.0	0.0	0.0	0.0	0.0	0.0	SD5bot
0.0	0.0	1.0	0.0	0.0	0.0	0.0	0.0	0.0	SDPatrolBot
0.0	0.0	0.0	0.0	1.0	0.0	0.0	0.0	0.0	SDPatrolBot II
1.0	0.0	0.0	0.0	0.0	0.0	1.0	0.0	0.0	SEWilcoBot
1.0	0.0	0.0	1.0	0.0	0.0	1.0	0.0	0.0	SJSF-2-Bot
1.0	0.0	0.0	0.0	0.0	0.0	0.0	0.0	0.0	SJSFBot
1.0	0.0	0.0	0.0	0.0	0.0	0.0	0.0	0.0	SKbot
1.0	0.0	0.0	0.0	0.0	0.0	0.0	0.0	0.0	SLMSBot
1.0	0.0	0.0	0.0	0.0	0.0	1.0	0.0	0.0	SMS Bot
1.0	0.0	0.0	0.0	0.0	0.0	1.0	0.0	0.0	SOM TELL HELPER
0.0	0.0	1.0	1.0	0.0	0.0	0.0	0.0	0.0	SPCUClerkbot
1.0	0.0	0.0	0.0	0.0	0.0	1.0	0.0	0.0	SPPatrolBot
0.0	0.0	0.0	1.0	0.0	0.0	0.0	0.0	0.0	SQLBot
1.0	0.0	0.0	1.0	0.0	0.0	1.0	0.0	0.0	SQLBot-AmazonAffiliateRemoval
0.0	0.0	0.0	1.0	0.0	0.0	0.0	0.0	1.0	SQLBot-Hello
0.0	0.0	0.0	1.0	0.0	0.0	0.0	0.0	0.0	SSTbot
1.0	0.0	0.0	0.0	0.0	0.0	1.0	0.0	0.0	STBot
1.0	0.0	0.0	0.0	0.0	0.0	1.0	0.0	0.0	STBotD
0.0	0.0	1.0	0.0	0.0	0.0	0.0	0.0	0.0	STBotI
1.0	0.0	0.0	0.0	0.0	0.0	0.0	0.0	0.0	STBotT
0.0	0.0	1.0	0.0	0.0	0.0	0.0	0.0	0.0	STTWbot
1.0	0.0	0.0	0.0	0.0	0.0	0.0	0.0	0.0	SUL Bot
1.0	0.0	0.0	0.0	0.0	0.0	1.0	0.0	0.0	SVGBot
1.0	0.0	0.0	1.0	0.0	0.0	1.0	0.0	0.0	SVnaGBot1
1.0	0.0	0.0	0.0	0.0	0.0	0.0	0.0	0.0	SW9Bot
1.0	0.0	0.0	1.0	0.0	0.0	1.0	0.0	0.0	SagaCookBot
1.0	0.0	0.0	0.0	0.0	0.0	0.0	0.0	0.0	Sagabot
1.0	0.0	0.0	0.0	0.0	0.0	0.0	0.0	0.0	SageBot
1.0	0.0	0.0	0.0	0.0	0.0	1.0	0.0	0.0	Sahimrobot
1.0	0.0	1.0	0.0	0.0	0.0	1.0	0.0	0.0	SamatBot
1.0	0.0	1.0	1.0	1.0	0.0	1.0	0.0	0.0	Sambot
1.0	0.0	0.0	0.0	0.0	0.0	1.0	0.0	0.0	SamoaBot
1.0	0.0	0.0	0.0	0.0	0.0	1.0	0.0	0.0	SamuraiBot
1.0	0.0	0.0	1.0	0.0	0.0	0.0	0.0	0.0	Sandbot
0.0	0.0	0.0	1.0	0.0	0.0	0.0	0.0	0.0	SandgemBot
1.0	0.0	1.0	1.0	1.0	0.0	1.0	0.0	0.0	SantoshBot
1.0	0.0	0.0	0.0	0.0	0.0	0.0	0.0	0.0	SashatoBot
1.0	0.0	0.0	0.0	0.0	0.0	0.0	0.0	0.0	SashkoBot
1.0	0.0	0.0	0.0	0.0	0.0	1.0	0.0	0.0	SassoBot
0.0	0.0	0.0	0.0	1.0	0.0	0.0	0.0	0.0	SataniaBot
0.0	0.0	0.0	1.0	0.0	0.0	0.0	0.0	0.0	SatyrBot
1.0	0.0	0.0	1.0	0.0	0.0	1.0	0.0	0.0	ScanDot
1.0	0.0	0.0	0.0	0.0	0.0	1.0	0.0	0.0	Scepbot
1.0	0.0	0.0	0.0	0.0	0.0	0.0	0.0	0.0	SchuBota
1.0	0.0	0.0	0.0	0.0	0.0	0.0	0.0	0.0	ScottLantz2
1.0	0.0	0.0	0.0	0.0	0.0	0.0	0.0	0.0	ScriptNastaliqBot
0.0	0.0	0.0	0.0	1.0	0.0	0.0	0.0	0.0	Scsbot
1.0	0.0	0.0	0.0	0.0	0.0	0.0	0.0	0.0	SdBot
1.0	0.0	0.0	0.0	0.0	0.0	1.0	0.0	0.0	SebrevBOT
1.0	0.0	0.0	0.0	0.0	0.0	0.0	0.0	0.0	SecuniBot
1.0	0.0	0.0	0.0	0.0	0.0	1.0	0.0	1.0	Seedbot
1.0	0.0	0.0	1.0	0.0	0.0	1.0	0.0	0.0	Seedbot2
0.0	0.0	0.0	1.0	0.0	0.0	0.0	0.0	0.0	SelectionBot
1.0	0.0	1.0	0.0	0.0	0.0	0.0	0.0	0.0	SelketBot
1.0	0.0	0.0	0.0	0.0	0.0	1.0	0.0	0.0	Selmobot
1.0	0.0	0.0	1.0	0.0	0.0	1.0	0.0	0.0	Sethbot
1.0	0.0	0.0	0.0	0.0	0.0	0.0	0.0	0.0	SeventyThreeBot
1.0	0.0	0.0	0.0	0.0	0.0	1.0	0.0	0.0	SeveroBot
1.0	0.0	0.0	0.0	0.0	0.0	1.0	0.0	0.0	Sgeo-BOT
1.0	0.0	0.0	1.0	0.0	0.0	1.0	0.0	0.0	SgtDrini
1.0	0.0	0.0	0.0	0.0	0.0	1.0	0.0	0.0	ShabBot
1.0	0.0	0.0	1.0	1.0	0.0	1.0	0.0	0.0	Shadowbot3
1.0	0.0	0.0	0.0	0.0	0.0	0.0	0.0	0.0	ShakataBot
1.0	0.0	0.0	0.0	0.0	0.0	1.0	0.0	0.0	ShakingBot
1.0	0.0	0.0	0.0	0.0	0.0	0.0	0.0	0.0	Shanbot
1.0	0.0	0.0	0.0	0.0	0.0	1.0	0.0	0.0	SharafBot
0.0	0.0	0.0	0.0	1.0	0.0	0.0	0.0	0.0	SharedIPArchiveBot
1.0	0.0	0.0	1.0	0.0	0.0	1.0	0.0	0.0	Shareobot
1.0	0.0	0.0	0.0	0.0	0.0	0.0	0.0	0.0	SheepBot
0.0	0.0	1.0	0.0	1.0	0.0	0.0	0.0	0.0	ShepBot
1.0	0.0	0.0	0.0	0.0	0.0	0.0	0.0	0.0	ShinBot
1.0	0.0	0.0	0.0	0.0	0.0	1.0	0.0	0.0	ShinmaBot
1.0	0.0	0.0	0.0	0.0	0.0	0.0	0.0	0.0	Shoutboundbot
1.0	0.0	0.0	0.0	0.0	0.0	1.0	0.0	0.0	Shuaib-bot
1.0	0.0	0.0	0.0	0.0	0.0	0.0	0.0	0.0	SidoBot
1.0	0.0	1.0	0.0	0.0	0.0	1.0	0.0	0.0	SieBot
1.0	0.0	0.0	0.0	0.0	0.0	0.0	0.0	0.0	Sigmabot
1.0	0.0	0.0	0.0	0.0	0.0	1.0	0.0	0.0	Signpost Book Bot
1.0	0.0	0.0	0.0	0.0	0.0	1.0	0.0	0.0	SilvonenBot
1.0	0.0	0.0	0.0	0.0	0.0	0.0	0.0	0.0	SimoneBot
1.0	0.0	0.0	0.0	0.0	0.0	0.0	0.0	0.0	SimplexityBot
0.0	0.0	1.0	1.0	0.0	0.0	0.0	1.0	1.0	SineBot
1.0	0.0	0.0	0.0	0.0	0.0	0.0	0.0	0.0	SireBot
0.0	1.0	1.0	0.0	0.0	0.0	0.0	0.0	0.0	SkiersBot
1.0	0.0	0.0	0.0	0.0	0.0	1.0	0.0	0.0	Skumarlabot
1.0	0.0	0.0	0.0	0.0	0.0	0.0	0.0	0.0	Skxll Mark-2
1.0	0.0	0.0	1.0	0.0	0.0	1.0	0.0	0.0	SkylinBot
1.0	0.0	0.0	1.0	0.0	0.0	1.0	0.0	0.0	Slobot
1.0	0.0	0.0	0.0	0.0	0.0	0.0	0.0	0.0	Slowbot
1.0	0.0	1.0	1.0	0.0	0.0	0.0	0.0	0.0	SmackBot
1.0	0.0	0.0	1.0	1.0	0.0	1.0	0.0	1.0	SmackallBot
0.0	0.0	0.0	0.0	0.0	0.0	1.0	0.0	0.0	Smallbot
1.0	0.0	0.0	0.0	0.0	0.0	0.0	0.0	0.0	Smartbot
1.0	0.0	0.0	1.0	0.0	0.0	1.0	0.0	0.0	SmeiraBot~enwiki
0.0	0.0	1.0	0.0	1.0	0.0	0.0	0.0	0.0	Sn1pebot
1.0	0.0	0.0	0.0	0.0	0.0	0.0	0.0	0.0	Sn1pebot Mk. II
1.0	0.0	0.0	0.0	0.0	0.0	1.0	0.0	0.0	Snaevar-bot
0.0	0.0	1.0	1.0	1.0	0.0	0.0	0.0	0.0	Snotbot
1.0	0.0	1.0	0.0	0.0	0.0	0.0	0.0	1.0	Snowbot
1.0	0.0	0.0	0.0	0.0	0.0	0.0	0.0	0.0	So-Mr.Z-bot
1.0	0.0	0.0	0.0	0.0	0.0	0.0	0.0	0.0	SoapBot
1.0	0.0	0.0	0.0	0.0	0.0	0.0	0.0	0.0	Soccoro
1.0	0.0	0.0	0.0	0.0	0.0	0.0	0.0	0.0	SocialBot
1.0	0.0	0.0	0.0	0.0	0.0	1.0	0.0	0.0	Soulbot
1.0	0.0	0.0	0.0	0.0	0.0	1.0	0.0	0.0	SoupBot
1.0	0.0	0.0	0.0	0.0	0.0	0.0	0.0	0.0	SoxBot
1.0	0.0	0.0	0.0	0.0	0.0	0.0	0.0	1.0	SoxBot II
0.0	0.0	0.0	1.0	0.0	0.0	0.0	0.0	0.0	SoxBot III
1.0	0.0	0.0	0.0	0.0	0.0	0.0	0.0	0.0	SoxBot IV
0.0	0.0	1.0	0.0	1.0	0.0	0.0	0.0	0.0	SoxBot IX
1.0	0.0	1.0	0.0	1.0	0.0	0.0	1.0	0.0	SoxBot V
1.0	0.0	0.0	0.0	0.0	0.0	0.0	0.0	0.0	SoxBot VI
1.0	0.0	0.0	0.0	0.0	0.0	1.0	0.0	0.0	SoxBot VII
0.0	0.0	1.0	1.0	1.0	0.0	0.0	0.0	0.0	SoxBot VIII
1.0	0.0	0.0	0.0	0.0	0.0	1.0	0.0	0.0	SoxBot X
1.0	0.0	0.0	1.0	0.0	0.0	1.0	0.0	0.0	SoxrockBot
1.0	0.0	0.0	0.0	1.0	0.0	1.0	0.0	0.0	SpaceFactsBot
0.0	0.0	0.0	1.0	0.0	0.0	0.0	0.0	0.0	SpammerTrapBot
1.0	0.0	0.0	0.0	0.0	0.0	1.0	0.0	0.0	SpeakerBot
0.0	0.0	0.0	1.0	0.0	0.0	0.0	0.0	0.0	SpebiBot
1.0	0.0	1.0	1.0	1.0	0.0	1.0	0.0	0.0	SpeedyBot
1.0	0.0	0.0	0.0	0.0	0.0	0.0	0.0	0.0	Speedybot
1.0	0.0	0.0	0.0	1.0	0.0	1.0	0.0	0.0	Spelian
1.0	0.0	0.0	0.0	0.0	0.0	0.0	0.0	0.0	SpellCheckerBot
1.0	0.0	0.0	0.0	0.0	0.0	1.0	0.0	0.0	SpellingBot
1.0	0.0	0.0	0.0	0.0	0.0	1.0	0.0	0.0	SpillingBot
1.0	0.0	0.0	0.0	0.0	0.0	0.0	0.0	0.0	SplineBot
1.0	0.0	0.0	0.0	0.0	0.0	1.0	0.0	0.0	SpongeBot (usurped)
0.0	0.0	0.0	1.0	0.0	0.0	0.0	0.0	0.0	SporkBot
1.0	0.0	0.0	0.0	0.0	0.0	1.0	0.0	0.0	SportsStatsBot
1.0	0.0	0.0	0.0	0.0	0.0	0.0	0.0	0.0	SpreadthesignBot
1.0	0.0	0.0	0.0	0.0	0.0	1.0	0.0	0.0	SprinterBot
1.0	0.0	0.0	1.0	0.0	0.0	1.0	0.0	0.0	SreeBot
0.0	0.0	1.0	0.0	0.0	0.0	0.0	0.0	0.0	Staeckerbot
1.0	0.0	0.0	0.0	0.0	0.0	1.0	0.0	0.0	StanfordLinkBot
1.0	0.0	0.0	0.0	0.0	0.0	1.0	0.0	0.0	StanfordLinkPredictor
0.0	0.0	0.0	1.0	0.0	0.0	0.0	0.0	0.0	StatisticianBot
1.0	0.0	0.0	0.0	0.0	0.0	1.0	0.0	0.0	StatsBot
1.0	0.0	0.0	1.0	0.0	0.0	0.0	0.0	0.0	StatusBot
1.0	0.0	1.0	0.0	0.0	0.0	0.0	0.0	0.0	SteenthIWbot
1.0	0.0	0.0	0.0	0.0	0.0	0.0	0.0	0.0	Stefan2bot
1.0	0.0	0.0	0.0	0.0	0.0	1.0	0.0	0.0	StefanBot
1.0	0.0	1.0	0.0	0.0	0.0	0.0	0.0	1.0	SteveBot
0.0	0.0	0.0	0.0	0.0	0.0	1.0	0.0	0.0	StigBot
1.0	0.0	0.0	0.0	0.0	0.0	0.0	0.0	0.0	StillwaterBot
0.0	0.0	0.0	1.0	0.0	0.0	0.0	0.0	0.0	StormBot
1.0	0.0	0.0	1.0	0.0	0.0	1.0	0.0	0.0	StradBot
1.0	0.0	0.0	0.0	0.0	0.0	0.0	0.0	0.0	Stuartyeates randombot
1.0	0.0	0.0	0.0	0.0	0.0	1.0	0.0	0.0	StubListBot
1.0	0.0	0.0	1.0	0.0	0.0	1.0	0.0	0.0	StubSyncBot
1.0	0.0	1.0	0.0	0.0	0.0	0.0	0.0	0.0	Stwalkerbot
1.0	0.0	1.0	1.0	1.0	0.0	1.0	0.0	1.0	SubstBot~enwiki
1.0	0.0	0.0	0.0	0.0	0.0	0.0	0.0	0.0	SudokuBing
1.0	0.0	0.0	0.0	0.0	0.0	0.0	0.0	0.0	Sudoplusii
0.0	0.0	0.0	0.0	0.0	1.0	0.0	0.0	0.0	SuggestBot
1.0	0.0	0.0	1.0	0.0	0.0	0.0	0.0	0.0	Sumanthk
1.0	0.0	0.0	0.0	0.0	0.0	1.0	0.0	0.0	Sumibot
1.0	0.0	1.0	1.0	1.0	0.0	1.0	0.0	0.0	SunCreatorBot
1.0	0.0	0.0	0.0	0.0	0.0	1.0	0.0	0.0	SundarBot
1.0	0.0	0.0	0.0	0.0	0.0	1.0	0.0	0.0	SurenaBot
1.0	0.0	0.0	0.0	0.0	0.0	1.0	0.0	0.0	SusBot~enwiki
0.0	0.0	1.0	0.0	0.0	0.0	0.0	0.0	0.0	Svenbot
1.0	0.0	0.0	0.0	0.0	1.0	0.0	0.0	1.0	SvickBOT
1.0	0.0	0.0	0.0	0.0	0.0	0.0	0.0	0.0	SwiftBot
0.0	0.0	1.0	0.0	0.0	0.0	0.0	0.0	0.0	Swimmingbot-awb
1.0	0.0	0.0	1.0	0.0	0.0	1.0	0.0	0.0	Swindbot
1.0	0.0	0.0	0.0	0.0	0.0	1.0	0.0	0.0	Synthebot
1.0	0.0	0.0	0.0	0.0	0.0	0.0	0.0	0.0	Syrcatbot
1.0	0.0	0.0	0.0	0.0	0.0	1.0	0.0	0.0	Sz-iwbot
1.0	0.0	0.0	1.0	0.0	0.0	1.0	0.0	0.0	T-850 Robotic Assistant
1.0	0.0	1.0	1.0	1.0	0.0	1.0	0.0	0.0	TAP Bot
1.0	0.0	0.0	0.0	0.0	0.0	0.0	0.0	0.0	TFA Protector Bot
0.0	0.0	0.0	1.0	0.0	0.0	0.0	0.0	0.0	TLAbot
1.0	0.0	0.0	1.0	0.0	0.0	0.0	0.0	0.0	TPBot
1.0	0.0	0.0	0.0	0.0	0.0	0.0	0.0	0.0	TPO-bot
0.0	0.0	1.0	0.0	0.0	0.0	0.0	0.0	0.0	TTObot
1.0	0.0	1.0	0.0	0.0	0.0	0.0	0.0	0.0	TWLBot
1.0	0.0	0.0	0.0	0.0	0.0	1.0	0.0	0.0	TXiKiBoT
1.0	0.0	0.0	0.0	0.0	0.0	1.0	0.0	0.0	TaBOT-zerem
1.0	0.0	0.0	0.0	0.0	0.0	1.0	0.0	0.0	Tadas12-bot
1.0	0.0	0.0	0.0	0.0	0.0	1.0	0.0	0.0	TaeBot
1.0	0.0	0.0	0.0	0.0	0.0	0.0	0.0	0.0	Tahir-bot
1.0	0.0	0.0	1.0	1.0	0.0	1.0	0.0	0.0	Tangobot
1.0	0.0	0.0	0.0	0.0	0.0	1.0	0.0	0.0	Tanhabot
1.0	0.0	0.0	0.0	0.0	0.0	0.0	0.0	0.0	Tanqbot
0.0	0.0	0.0	0.0	1.0	0.0	0.0	0.0	0.0	TarHippoBot
0.0	0.0	1.0	0.0	1.0	0.0	0.0	0.0	0.0	TaskForceBot
1.0	0.0	0.0	0.0	0.0	0.0	1.0	0.0	0.0	Tawbot~enwiki
0.0	0.0	1.0	0.0	0.0	0.0	0.0	1.0	1.0	Tawkerbot
1.0	0.0	0.0	0.0	0.0	0.0	0.0	0.0	0.0	Taxobot
1.0	0.0	0.0	1.0	0.0	0.0	1.0	0.0	0.0	Taxobot 1
1.0	0.0	0.0	1.0	0.0	0.0	1.0	0.0	0.0	Taxobot 2
1.0	0.0	0.0	0.0	0.0	0.0	0.0	0.0	0.0	TecBot
1.0	0.0	0.0	0.0	0.0	0.0	1.0	0.0	0.0	TechBot
1.0	0.0	0.0	0.0	0.0	0.0	0.0	0.0	0.0	TedderBot
1.0	0.0	0.0	0.0	0.0	0.0	1.0	0.0	0.0	TeoBot
1.0	0.0	0.0	0.0	0.0	0.0	1.0	0.0	0.0	TestEditBot
0.0	0.0	1.0	0.0	0.0	0.0	0.0	0.0	0.0	Texvc2LaTeXBot
1.0	0.0	1.0	0.0	0.0	0.0	0.0	0.0	0.0	Thadius856AWB
1.0	0.0	1.0	0.0	0.0	0.0	0.0	0.0	0.0	The Anomebot2
1.0	0.0	1.0	0.0	0.0	0.0	0.0	0.0	0.0	The Anonybot
1.0	0.0	1.0	0.0	0.0	0.0	0.0	0.0	0.0	The Auto-categorizing Robot
1.0	0.0	0.0	1.0	0.0	0.0	1.0	0.0	0.0	The Little Pixie's Friend
1.0	0.0	0.0	0.0	0.0	0.0	1.0	0.0	0.0	The Mini PEKKA
1.0	0.0	1.0	1.0	0.0	0.0	0.0	0.0	0.0	The wubbot
1.0	0.0	0.0	0.0	0.0	0.0	1.0	0.0	0.0	TheJoshBot
1.0	0.0	1.0	0.0	0.0	0.0	0.0	0.0	0.0	TheMagikBOT
1.0	0.0	1.0	0.0	0.0	0.0	0.0	0.0	0.0	ThePhantomBot
1.0	0.0	0.0	0.0	0.0	0.0	0.0	0.0	0.0	TheSandBot
1.0	0.0	1.0	0.0	0.0	0.0	1.0	0.0	1.0	Thehelpfulbot
1.0	0.0	1.0	1.0	0.0	0.0	0.0	0.0	0.0	Theo's Little Bot
1.0	0.0	0.0	0.0	0.0	0.0	0.0	0.0	0.0	ThetaBot
1.0	0.0	0.0	0.0	0.0	0.0	1.0	0.0	0.0	Thijs!bot
1.0	0.0	0.0	0.0	0.0	0.0	1.0	0.0	0.0	ThorBot
1.0	0.0	0.0	1.0	0.0	0.0	1.0	0.0	0.0	ThundaBot
0.0	1.0	0.0	0.0	0.0	0.0	1.0	0.0	0.0	Tigraan-testbot
0.0	0.0	1.0	0.0	0.0	0.0	0.0	0.0	1.0	TinucherianBot
1.0	0.0	0.0	0.0	0.0	0.0	1.0	0.0	0.0	TinucherianBot II
1.0	0.0	0.0	0.0	0.0	0.0	1.0	0.0	0.0	TjBot
1.0	0.0	0.0	0.0	0.0	0.0	1.0	0.0	0.0	TobeBot
1.0	0.0	0.0	0.0	0.0	0.0	1.0	0.0	0.0	ToePeu.bot
1.0	1.0	0.0	0.0	0.0	0.0	0.0	0.0	0.0	TokenzeroBot
1.0	0.0	0.0	0.0	0.0	0.0	0.0	0.0	0.0	Tokrkbot
1.0	0.0	0.0	0.0	0.0	0.0	0.0	0.0	0.0	Tom's Tagging Bot
0.0	0.0	1.0	0.0	0.0	0.0	0.0	0.0	0.0	Tom.Bot
0.0	0.0	0.0	1.0	0.0	0.0	0.0	0.0	0.0	TonyBot
1.0	0.0	0.0	0.0	0.0	0.0	0.0	0.0	0.0	ToolWikiBot
1.0	0.0	0.0	0.0	0.0	0.0	1.0	0.0	0.0	Topjabot~enwiki
0.0	0.0	0.0	0.0	1.0	0.0	0.0	0.0	0.0	TorNodeBot
1.0	0.0	0.0	0.0	0.0	0.0	0.0	0.0	0.0	Torbot
1.0	0.0	0.0	0.0	0.0	0.0	1.0	0.0	0.0	TottyBot
1.0	0.0	0.0	1.0	0.0	0.0	1.0	0.0	0.0	Tourjouman05Bot
1.0	0.0	0.0	0.0	0.0	0.0	1.0	0.0	0.0	Town-bot
1.0	0.0	0.0	1.0	0.0	0.0	0.0	0.0	0.0	TrBot
1.0	0.0	0.0	0.0	0.0	0.0	0.0	0.0	0.0	Trailbehind-bot
1.0	0.0	0.0	0.0	0.0	0.0	0.0	0.0	0.0	TrionaBot
0.0	0.0	1.0	0.0	1.0	0.0	0.0	0.0	0.0	TronBot
1.0	0.0	0.0	0.0	0.0	0.0	1.0	0.0	0.0	TrustMeImAIRobot
1.0	0.0	0.0	0.0	0.0	0.0	0.0	0.0	0.0	Tsca.bot
1.0	0.0	0.0	0.0	0.0	0.0	1.0	0.0	0.0	TuHan-Bot
1.0	0.0	0.0	0.0	0.0	0.0	1.0	0.0	0.0	Tullbot~enwiki
1.0	0.0	0.0	0.0	0.0	0.0	1.0	0.0	0.0	Tulsibot
1.0	0.0	0.0	0.0	0.0	0.0	1.0	0.0	0.0	Tuonela
1.0	0.0	0.0	0.0	0.0	0.0	1.0	0.0	0.0	TuvicBot
1.0	0.0	0.0	0.0	0.0	0.0	1.0	0.0	0.0	TweetCiteBot
1.0	0.0	0.0	0.0	0.0	0.0	0.0	0.0	0.0	TwsxBot
1.0	0.0	0.0	0.0	0.0	0.0	0.0	0.0	0.0	TyAbot
1.0	0.0	0.0	0.0	0.0	0.0	0.0	0.0	0.0	Typebot
1.0	0.0	0.0	0.0	0.0	0.0	1.0	0.0	0.0	TypoBot
1.0	0.0	0.0	0.0	0.0	0.0	0.0	0.0	0.0	UK Legislation Bot
1.0	0.0	0.0	0.0	0.0	0.0	0.0	0.0	0.0	USCOTM Bot
0.0	0.0	0.0	1.0	0.0	0.0	0.0	0.0	1.0	UTRSBot
0.0	0.0	0.0	1.0	0.0	0.0	0.0	0.0	0.0	UcuchaBot
1.0	0.0	0.0	0.0	0.0	0.0	0.0	0.0	0.0	UgenBot
1.0	0.0	0.0	1.0	0.0	0.0	1.0	0.0	0.0	Ugur Basak Bot~enwiki
1.0	0.0	0.0	0.0	0.0	0.0	1.0	0.0	0.0	UltraBot
1.0	0.0	0.0	0.0	0.0	0.0	0.0	0.0	0.0	UnCatBot
0.0	0.0	0.0	1.0	0.0	0.0	0.0	0.0	1.0	UncatTemplateBot
0.0	0.0	0.0	1.0	0.0	0.0	0.0	0.0	0.0	Uncle G's 'bot
1.0	0.0	0.0	1.0	0.0	0.0	0.0	0.0	0.0	Uncle G's major work 'bot
1.0	0.0	0.0	0.0	0.0	0.0	0.0	1.0	0.0	UnitBot
1.0	0.0	0.0	0.0	0.0	0.0	1.0	0.0	0.0	UsbBot
1.0	0.0	0.0	0.0	0.0	0.0	0.0	0.0	0.0	UserPageActionsBot
1.0	0.0	0.0	1.0	0.0	0.0	0.0	0.0	0.0	Userboxbot
1.0	0.0	1.0	0.0	0.0	0.0	0.0	0.0	0.0	UsuallyNonviolentBot
0.0	0.0	0.0	1.0	0.0	0.0	0.0	0.0	0.0	VFD Bot
1.0	0.0	0.0	0.0	0.0	0.0	1.0	0.0	0.0	VIAFbot
1.0	0.0	0.0	0.0	0.0	0.0	1.0	0.0	0.0	VP-bot
1.0	0.0	0.0	0.0	0.0	0.0	1.0	0.0	0.0	VVVBot
0.0	0.0	1.0	1.0	0.0	0.0	0.0	0.0	1.0	VWBot
1.0	0.0	0.0	0.0	0.0	0.0	1.0	0.0	0.0	Vagobot
1.0	0.0	0.0	0.0	0.0	0.0	1.0	0.0	0.0	Valhallasw-bot
1.0	0.0	0.0	1.0	0.0	0.0	1.0	0.0	0.0	VandalCountBot
1.0	0.0	0.0	0.0	0.0	0.0	0.0	0.0	1.0	VeblenBot
0.0	0.0	1.0	0.0	1.0	0.0	0.0	0.0	0.0	VedeBOT
0.0	0.0	0.0	1.0	0.0	0.0	0.0	0.0	0.0	VeinorBot
1.0	0.0	0.0	0.0	0.0	0.0	1.0	0.0	0.0	Ver-bot
1.0	0.0	1.0	0.0	1.0	0.0	1.0	0.0	0.0	VibhijainBot
1.0	0.0	0.0	0.0	0.0	0.0	1.0	0.0	0.0	Vina-iwbot~enwiki
1.0	0.0	0.0	0.0	0.0	0.0	1.0	0.0	0.0	Vini 17bot5
1.0	0.0	0.0	0.0	0.0	0.0	0.0	0.0	0.0	Vinne2.bot
1.0	0.0	0.0	0.0	0.0	0.0	1.0	0.0	0.0	VisualizedConceptsBot~enwiki
0.0	0.0	0.0	1.0	0.0	0.0	0.0	0.0	0.0	VixDaemonBot
1.0	0.0	0.0	1.0	0.0	0.0	0.0	0.0	0.0	VoABot
1.0	0.0	0.0	1.0	0.0	0.0	0.0	1.0	0.0	VoABot II
1.0	0.0	0.0	1.0	0.0	0.0	1.0	0.0	0.0	VoABot III
1.0	0.0	0.0	0.0	0.0	0.0	1.0	0.0	0.0	VolkovBot
1.0	0.0	0.0	1.0	1.0	0.0	0.0	0.0	1.0	VoxelBot
1.0	0.0	0.0	0.0	0.0	0.0	1.0	0.0	0.0	VsBot
1.0	0.0	0.0	0.0	0.0	0.0	1.0	0.0	0.0	W950712Bot
1.0	0.0	0.0	0.0	0.0	0.0	1.0	0.0	0.0	WASDbot
1.0	0.0	0.0	0.0	0.0	0.0	0.0	0.0	0.0	WBot17
1.0	0.0	0.0	0.0	0.0	0.0	1.0	0.0	0.0	WMUKBot
1.0	0.0	0.0	1.0	0.0	0.0	1.0	0.0	0.0	WODUPbot
0.0	0.0	0.0	1.0	0.0	0.0	0.0	0.0	0.0	WOSlinkerBot
0.0	0.0	0.0	1.0	0.0	0.0	0.0	0.0	0.0	WP 1.0 bot
0.0	0.0	1.0	0.0	0.0	0.0	1.0	0.0	0.0	WPArkansas Bot
1.0	0.0	0.0	0.0	0.0	0.0	0.0	0.0	0.0	WPPageListBot
1.0	0.0	0.0	0.0	0.0	0.0	1.0	0.0	0.0	WaldirBot
1.0	0.0	0.0	1.0	0.0	0.0	0.0	0.0	0.0	Walkcair
1.0	0.0	0.0	0.0	0.0	0.0	1.0	0.0	0.0	WalkingSoulBot
1.0	0.0	0.0	0.0	0.0	0.0	1.0	0.0	0.0	WarddrBOT
1.0	0.0	0.0	0.0	0.0	0.0	0.0	0.0	0.0	Wargo32.exe
0.0	1.0	1.0	1.0	0.0	0.0	0.0	0.0	0.0	WatchlistBot
1.0	0.0	0.0	1.0	0.0	0.0	0.0	1.0	0.0	WdefconBot
1.0	0.0	1.0	1.0	0.0	0.0	0.0	0.0	0.0	WebCiteBOT
1.0	0.0	0.0	0.0	0.0	0.0	1.0	0.0	0.0	WeggeBot
1.0	0.0	1.0	1.0	1.0	0.0	1.0	0.0	0.0	WelcomeWikiBot
0.0	0.0	0.0	0.0	0.0	0.0	0.0	0.0	1.0	WelcomerBot
0.0	0.0	0.0	1.0	1.0	0.0	0.0	0.0	0.0	Werdnabot
1.0	0.0	0.0	1.0	0.0	0.0	1.0	0.0	0.0	WereallalrightBOT
1.0	0.0	0.0	1.0	0.0	0.0	1.0	0.0	0.0	WestVirginiaMountineer
0.0	0.0	0.0	1.0	0.0	0.0	0.0	0.0	0.0	Wherebot
1.0	0.0	0.0	1.0	0.0	0.0	1.0	0.0	0.0	WhiBot
1.0	0.0	0.0	1.0	0.0	0.0	0.0	0.0	0.0	Whobot
1.0	0.0	0.0	0.0	0.0	0.0	0.0	0.0	0.0	Whymbot
0.0	0.0	0.0	0.0	1.0	0.0	0.0	0.0	0.0	Wii Wiki Bot
0.0	0.0	0.0	1.0	0.0	0.0	0.0	0.0	1.0	Wiki Feed Bot
1.0	0.0	0.0	0.0	0.0	0.0	1.0	0.0	0.0	WikiBotas
1.0	0.0	1.0	0.0	0.0	0.0	0.0	0.0	0.0	WikiCleanerBot
1.0	0.0	0.0	0.0	0.0	0.0	1.0	0.0	0.0	WikiDreamer Bot
0.0	0.0	1.0	0.0	0.0	0.0	0.0	0.0	0.0	WikiProject Notification Service
0.0	0.0	0.0	1.0	0.0	0.0	0.0	0.0	0.0	WikiStatsBOT
0.0	0.0	0.0	0.0	1.0	0.0	0.0	0.0	0.0	WikiWelcomer
1.0	0.0	0.0	0.0	0.0	0.0	1.0	0.0	0.0	Wikibot
1.0	0.0	0.0	1.0	0.0	0.0	1.0	0.0	0.0	Wikification Bot
1.0	0.0	0.0	1.0	0.0	0.0	1.0	0.0	0.0	Wikinews Importer Bot
1.0	0.0	1.0	1.0	1.0	0.0	0.0	0.0	0.0	Wikipedia Signpost
1.0	0.0	0.0	0.0	0.0	0.0	1.0	0.0	0.0	WikitanvirBot
1.0	0.0	0.0	0.0	0.0	0.0	1.0	0.0	1.0	WildBot
1.0	0.0	0.0	0.0	0.0	0.0	1.0	0.0	0.0	WilhelmBot
1.0	0.0	0.0	0.0	0.0	0.0	0.0	0.0	0.0	William Avery Bot
1.0	0.0	0.0	1.0	0.0	0.0	1.0	0.0	0.0	WillowBot
0.0	0.0	0.0	1.0	0.0	0.0	0.0	0.0	0.0	WinBot
1.0	0.0	0.0	0.0	0.0	0.0	0.0	0.0	0.0	WizardBot
1.0	0.0	1.0	1.0	1.0	0.0	1.0	0.0	0.0	WolfBot
0.0	0.0	0.0	1.0	0.0	0.0	0.0	0.0	0.0	WolterBot
0.0	0.0	0.0	1.0	0.0	0.0	0.0	0.0	0.0	WoodwardBot
1.0	0.0	0.0	0.0	0.0	0.0	1.0	0.0	0.0	WouterBot
1.0	0.0	0.0	0.0	0.0	0.0	0.0	0.0	0.0	Wpcat
1.0	0.0	0.0	0.0	0.0	0.0	0.0	0.0	0.0	Wpp research bot
1.0	0.0	0.0	0.0	0.0	0.0	1.0	0.0	0.0	WuBot
1.0	0.0	0.0	1.0	0.0	0.0	0.0	0.0	0.0	WugBot
1.0	0.0	0.0	0.0	0.0	0.0	0.0	0.0	0.0	WxBot
1.0	0.0	0.0	0.0	0.0	0.0	1.0	0.0	0.0	Wybot
1.0	0.0	0.0	0.0	0.0	0.0	0.0	0.0	0.0	XLerateBot
1.0	0.0	0.0	0.0	0.0	0.0	0.0	1.0	0.0	XLinkBot
1.0	0.0	0.0	0.0	0.0	0.0	1.0	0.0	0.0	XZeroBot
1.0	0.0	0.0	0.0	0.0	0.0	1.0	0.0	0.0	Xaris333Bot
1.0	0.0	1.0	0.0	0.0	0.0	1.0	0.0	0.0	XaxaBot
1.0	0.0	0.0	1.0	0.0	0.0	1.0	0.0	0.0	Xcbot
1.0	0.0	0.0	0.0	0.0	0.0	1.0	0.0	0.0	XeBot
1.0	0.0	1.0	1.0	0.0	0.0	0.0	0.0	1.0	Xenobot
0.0	0.0	1.0	0.0	0.0	0.0	1.0	0.0	0.0	Xenobot Mk V
1.0	0.0	0.0	0.0	0.0	0.0	1.0	0.0	0.0	Xenophon (bot)
1.0	0.0	0.0	1.0	0.0	0.0	1.0	0.0	0.0	Xiaogiabot
1.0	0.0	0.0	1.0	0.0	0.0	1.0	0.0	0.0	Xibot
1.0	0.0	1.0	1.0	1.0	0.0	1.0	0.0	0.0	Xphoisbot
1.0	0.0	1.0	0.0	0.0	0.0	0.0	0.0	0.0	Xqbot
0.0	0.0	1.0	0.0	1.0	0.0	0.0	0.0	0.0	Xqbot 1
1.0	0.0	0.0	1.0	0.0	0.0	1.0	0.0	0.0	Xubiquitous
1.0	0.0	0.0	0.0	0.0	0.0	1.0	0.0	0.0	Xwbot
1.0	0.0	0.0	0.0	0.0	0.0	0.0	0.0	0.0	XyBot
1.0	0.0	0.0	0.0	0.0	0.0	1.0	0.0	0.0	YFdyh-bot
1.0	0.0	0.0	0.0	0.0	0.0	0.0	0.0	0.0	YansearchBot
1.0	0.0	0.0	0.0	0.0	0.0	1.0	0.0	0.0	YasBot
1.0	0.0	0.0	0.0	0.0	0.0	0.0	0.0	0.0	YekratsBot~enwiki
1.0	0.0	0.0	1.0	0.0	0.0	1.0	0.0	0.0	YeltsinfanBot
1.0	0.0	0.0	0.0	0.0	0.0	1.0	0.0	0.0	Yet Another Redirect Cleanup Bot
0.0	0.0	1.0	0.0	1.0	0.0	0.0	0.0	0.0	Yetanotherbot
1.0	0.0	0.0	0.0	0.0	0.0	1.0	0.0	0.0	YiFeiBot
1.0	0.0	1.0	0.0	0.0	0.0	0.0	0.0	0.0	Yobot
1.0	0.0	0.0	0.0	0.0	0.0	1.0	0.0	0.0	YonaBot
1.0	0.0	0.0	0.0	0.0	0.0	0.0	0.0	0.0	Yoni12Bot
1.0	0.0	0.0	0.0	0.0	0.0	1.0	0.0	0.0	Yonidebot
1.0	0.0	0.0	0.0	0.0	0.0	0.0	0.0	0.0	YpnBot
1.0	0.0	0.0	0.0	0.0	0.0	1.0	0.0	0.0	Yrbot~enwiki
1.0	0.0	0.0	0.0	0.0	0.0	1.0	0.0	0.0	YurikBot
1.0	0.0	0.0	0.0	0.0	0.0	1.0	0.0	0.0	Z-BOT
0.0	0.0	1.0	0.0	0.0	0.0	0.0	0.0	0.0	ZackBot
0.0	0.0	1.0	0.0	1.0	0.0	0.0	0.0	0.0	ZadBot
1.0	0.0	0.0	0.0	0.0	0.0	0.0	0.0	0.0	Zembot
1.0	0.0	0.0	0.0	0.0	0.0	0.0	0.0	0.0	Zeronosayoukubot
1.0	0.0	1.0	0.0	1.0	0.0	0.0	0.0	0.0	ZhBot
1.0	0.0	0.0	0.0	0.0	0.0	1.0	0.0	0.0	ZkBot
0.0	1.0	0.0	1.0	0.0	0.0	0.0	0.0	0.0	Zorglbot
1.0	0.0	0.0	0.0	0.0	0.0	1.0	0.0	0.0	Zorrobot
0.0	0.0	0.0	1.0	0.0	0.0	0.0	0.0	0.0	ZsinjBot
1.0	0.0	0.0	0.0	0.0	0.0	1.0	0.0	0.0	Zwobot
1.0	0.0	0.0	0.0	0.0	0.0	1.0	0.0	0.0	Zxabot
1.0	0.0	0.0	0.0	0.0	0.0	1.0	0.0	0.0	ZéroBot
1.0	0.0	1.0	0.0	0.0	0.0	0.0	0.0	0.0	^demonBot2
1.0	0.0	0.0	0.0	0.0	0.0	0.0	0.0	0.0	إسكواردو
1.0	0.0	0.0	0.0	0.0	0.0	1.0	0.0	0.0	タチコマ robot
1.0	0.0	0.0	0.0	0.0	0.0	0.0	0.0	0.0	레비:봇
