	Fixer	Generator	Tagger	Clerk	Archiver	Advisor 	Connector	Protector	Notifier 
action	0.010828380806369917	0.0	0.008129114603565388	0.007190677847706381	0.0007783879181249146	9.031090233603702e-05	0.009287871529505737	0.0024148396455291837	0.012495200719776821
add	0.0069530909929381894	0.007962318291513924	0.011169349134285808	0.005235379456837841	0.004310849207666997	0.004342969612617975	0.007371947266689832	0.009757277908004906	0.006348154292353003
added	0.003127187589868766	0.0001230831275149873	0.014961354884534109	0.005270372331338653	0.004654036887846049	0.0	0.01858205203842101	0.006093386906134914	0.0013719040912854865
adding	0.00866596363743085	0.0021144154952842985	0.014756856527510904	0.004322859178370724	0.01025926182720922	0.0025921294803339643	0.00746912503726397	0.00694629809536595	0.014258802100820606
align	0.005317542393121633	0.010363187565221973	0.0015949058891405964	0.011931567708030314	0.01935579557540693	0.02293656098403955	0.004745097705392125	0.012279058766192532	0.001836449814626967
archive	0.005350373413197103	0.0	0.002304796714588349	0.002229916577888566	0.005558227989884058	0.000132078108076955	0.0006414615353045183	0.014968878113283882	5.75039690868943e-05
arise	0.006262892301498638	0.007290347584597914	0.002505153509313925	0.0038189374008499553	0.005024678290800578	0.005262767633700998	0.0018830840636264023	0.0	0.0007536035307097367
assisted	0.00594571319888257	0.004993024133253581	0.0011101413387705325	0.00623239873912332	0.0031588646920168106	0.009383042473597985	0.00964220552865917	0.0	0.0037762305848714414
avoid	0.007962543132862251	0.0	0.004623224665611025	0.0025143622670380987	0.0076732875933560206	0.0007616936339991477	0.012157564731223921	0.0026689595267981457	0.004133471350794693
based	0.0033256776762650223	0.0036868712607326997	0.006393951058847473	0.010165825478249593	0.0032291470740056956	0.016576015818464976	0.008898613777071624	0.005606949902062222	0.010293904064232773
blocked	0.010000197925714004	0.0037828450619148317	0.002812522087984063	0.001775577370249653	0.008098404384213526	0.02379136409346746	0.005692068004160654	0.01199691407648341	0.007689199438790444
boilerplate	0.0009441549295986529	0.011923572434195784	0.0	0.00220649785902696	0.0	0.0	0.002231422882919054	0.012561079986343465	0.0030416756114239707
break	0.0021145507579535825	0.001775507773959789	0.001669152300151014	0.0024596996704759014	0.005791161981514806	0.0009010989010982972	0.000547531305425242	0.00010203593504016172	0.0
caps	0.005197155664558036	0.0055162153308582615	0.011256473992913876	0.0037313501248687534	0.0021626021695744487	0.03180218679851008	0.0043549421466246505	0.0022128320170784342	0.009326833822304629
center	0.007102289711449795	0.0009929929180337832	0.00520225758730694	0.005750371212857416	0.000424024996415428	0.07190677463223201	0.0035566204446578985	0.010301119086237428	0.0011568318995450176
change	0.0015508333391092764	0.0	0.007683735791553692	0.0050916386419600935	0.007260137960978466	9.42099594851446e-06	0.006188790037546824	0.0016691098081023446	0.003707269855979038
check	0.010170201493673887	0.005192206923856147	0.011067538527362142	0.0069528600119260296	0.005112837914795589	0.00409620448202503	0.006429975100754848	0.0	0.006175637853904842
checking	0.006534398667627954	0.0027840272691126594	0.0018889666506793378	0.0030660260815297095	0.011068315938809003	0.0005397586495016098	0.001090742837237656	0.011158916975557893	0.0019159743271327967
checks	0.0007823331542527172	0.01287031996881135	0.008847076288616192	0.003973745104696797	0.0021647376132366723	0.0	0.004170560872787446	0.005843973584179195	0.0080862984711966
cleanup	0.003858743022893485	0.0	0.0017948212346693762	0.006718542506546768	0.0	0.0011090027666650491	0.0059676155935653955	0.03186845533034697	0.011318813550381349
code	0.008207008013760524	0.0038292714884696024	0.011964853854535051	0.00828741083186477	0.006531343410471657	0.00044977072750279656	0.010122678120488013	0.0056462515350004265	0.010382038278900276
comment	0.012915562607448413	0.005486293218333341	0.005990444290855455	0.006753109052456882	0.0	0.022657599704866367	0.001770506601487662	0.005112204420803275	0.005925077304768674
comments	0.006667319400376064	0.005310572785374177	0.0060306785797562285	0.009148466461400752	0.006193272017071703	0.0	0.0023599023755208814	0.007185472690846855	0.001470662238325282
complete	0.0017897988521367741	0.001418566898218062	0.0009722703224434335	0.004590052940179272	0.0025786854745302014	0.0	0.0055406885935285356	0.005417359782292819	0.006977722944710961
completed	0.012005750136560642	0.002632728224279333	0.006596178885790535	0.003398806674757754	0.0007717713025888149	0.00957814612811372	0.00622279324762623	0.011911805863981514	0.0008210614023511396
confirm	0.0018790976588778387	0.000931277440293576	0.008014395743719913	0.0019244500962477776	0.00035261824324324284	0.014485698023027935	0.00490565277896592	0.004462362371962964	0.009358112875182633
consider	0.009886124115689579	0.0	0.0025495267660369998	0.0018424090582990587	0.0028165693698234753	0.0	0.0013286753616153831	0.0005872011251758097	0.013657081818329104
contact	0.011318983442240086	0.0	0.0059294361930607095	0.004460914659938594	0.007030279390554543	1.695505243156925e-05	0.00770708391464936	7.100871085571119e-05	0.005452515837261453
continue	0.0021918367699396606	0.03895406143256428	0.006299896934394438	0.004190833271966515	0.0021417161894812563	0.009594955518996048	0.002523563185030405	0.00995908070384808	0.0005725566329377375
contribs	0.002328271000987172	0.009892829019206009	0.005820088141054843	0.006005363000431546	0.00564240210231836	0.006768607221812828	0.0021806291474744744	0.003404399191435395	0.004989282668401283
count	0.003227706122168308	0.00518419133290021	0.0031642951175275035	0.004384720047059044	0.007362429954946166	0.0	0.0010450343542857273	0.007315619393338886	0.0
created	0.0054581655462169155	0.0018696577340719257	0.006084822380735352	0.004670349543939625	0.006270679866144621	0.010383351922780407	0.012713395237492259	0.009555009266218452	0.005303477578777121
database	0.010199621238861869	0.0	0.0022251896865007003	0.0059089082747492035	0.002099999138054188	0.0038979761828483624	0.003069660889280234	0.00699442346835126	0.00600883412424179
debate	0.004274693830167748	0.0	0.001395635303751397	0.0020272254664520507	0.0014130388797224686	0.0	0.0007379870234898864	0.00014588338065079433	0.0
diff	0.0051960744184523285	0.018486724323079334	0.006643723460055569	0.00764088228394953	0.0013975103302327138	1.5650817629157353e-05	0.0022149939399084455	0.0	0.00696365565343908
double	0.0026653128694560245	0.0	0.007053839789965992	0.002332836715767486	0.009516687293388094	0.0	0.0040827643385510145	0.008053443373767918	0.001124783124910695
edit	0.002210781036829622	0.0026479915433403806	0.0023570997672413127	0.00338811318887297	0.007240652542311404	0.00042284669111345975	0.0033071849431389605	0.0018179761623141814	0.0005198048875432685
error	0.0023079252629585145	0.0006761133603238865	0.005924149972434583	0.0030636708663838892	0.004769782117523118	0.0011635646329024706	0.0019376040429424798	0.01197592285688752	0.0007123899566602353
exist	0.004969529013126013	0.009873846607500136	0.0028452338296933244	0.012040784377079929	0.003541747102489612	0.00019965805772416954	0.0032709557233871504	0.0	0.0006456307919722543
existing	0.0029811472498535844	0.004595125786163523	0.0008175209294485019	0.007206794475593833	0.0009819228315622853	5.687734150731759e-05	0.00349736450308566	0.0033045002261420167	0.00707319319883914
exists	0.005799273479165953	0.025345341019901574	0.0024126009635246403	0.005541288149486805	0.00739216254965699	0.0	0.0013449350208088275	0.014883791269096863	0.0001370182209619832
expect	0.0035108799324016157	0.01757087132795386	0.0037247371088273105	0.005428815847783549	0.0077925080434391005	0.005086515729473368	0.003139322402907247	0.005983375083565718	0.003216542139901015
expected	0.0020197457643029784	0.0	0.004979405884890293	0.0025251295995870173	0.008724076880304018	0.0	0.005306749946939049	0.006202129179827205	0.014693217883020037
find	0.011783878723541997	0.030566492117648957	0.002483932201366536	0.008567571010283914	0.009060491554067119	0.020621912887292315	0.006276858487073688	0.002655637898307822	0.0034066518847006657
fix	0.006798769188424087	0.0	0.0030193060327091286	0.009420475229797373	0.006616084724347378	0.006376877067951167	0.006310182903473659	0.002544092182422052	0.008535392389443671
fixes	0.009800770596045205	0.002386400455099228	0.014034379928709434	0.004593803937181932	0.012629469106498939	0.010864321733759681	0.0015375729898119898	0.006856062881433549	0.00601414787793223
fixing	0.021534093347911752	0.0	0.0049009703567648956	0.008647314597555708	0.008060270730819628	0.00017284430467448574	0.009467979153341008	0.0	0.010483824605119724
follow	0.004957203053050656	0.010766055498493863	0.001934783565336912	0.009780379611047992	0.005113997116265015	0.005058081357287889	0.0062212816286674865	0.0004302753533239116	0.006117217540808633
following	0.0042050966473487	0.00014045268657812162	0.0015260150110288106	0.0020199900951174436	0.0017630912162162164	0.0	0.0009222016454103045	0.00475009916975887	0.0016956540082410244
forward	0.0004874057597107414	0.0	0.0017561579275920953	0.001211360450524989	0.000767189494570303	0.011154459203036041	0.0	0.00716323391197723	0.0020925694353315987
frameerrors	0.0	0.0	0.0	0.0	0.0	0.0	0.0	0.0	0.0
function	0.002652635895142514	0.0	0.0012887814658779201	5.6419061548463655e-05	0.0010551328953018941	0.0	0.0037415982508830015	0.003971804396801241	0.0
future	0.004840568869350127	0.004819229306762295	0.00416382465541322	0.003831653601760072	0.0	0.0006430802225859745	0.0009471799859501077	0.007036970821130276	0.0003081322410833142
generate	0.0067851468431274166	0.00676466416446459	0.0024986511114485363	0.007701916923396871	0.009817835284896928	0.0	0.007189272075725386	0.0	0.003689507604073339
given	0.004560379878143721	0.008690968823530511	0.011612968832370257	0.0006431832814289232	0.006654042587778233	0.024787687117857872	0.0021864098480077142	0.005812998093121727	0.01682543740513517
go	0.0025155048976381973	0.0009457112654787079	0.0023125856926290095	0.0037954535103407903	0.007190367796688207	0.0030501534994751703	0.004522006992180292	0.003192972823958163	0.01244523589266122
going	0.008164372048589566	0.008415430797739052	0.004202944362784283	0.014674381333682086	0.004129750568472713	0.0	0.037104231413813665	0.005667950477657123	0.008403297944207133
hand	0.006071489032688375	0.008266508266508266	0.006506972174312058	0.0032696108622294424	0.005151399282087035	0.0	0.01214206967337038	0.013043897654290476	0.0010052166934189405
hide	0.0024017443863177	0.0005091810134179845	0.005153322615843337	0.0035991862029840483	0.007912076629663815	0.0	0.002898562793690039	0.014116261440250044	0.004470334095452567
ignore	0.0040767042057190655	0.0	0.006353712257783051	0.006187124624599442	0.002644153385729687	0.006782020972631158	0.006359396211198956	0.011305264046827104	0.005973173592627931
image	0.0011953196186885895	0.013027869631934984	0.007199943697713554	0.013515161966813105	0.009924579777310105	0.024886387841148074	0.010031448419554518	0.012747781246912249	0.0045364124617011305
input	0.0004400623992671535	0.0	0.0030518767802069783	0.001229739256948038	0.0030144829434079336	0.0	0.007757432904562452	0.002410216610140289	0.0028300601837187196
interwiki	0.04896671120081524	0.0030732425469267577	0.0029453332102070085	0.015185096509904156	0.008571187204442773	0.013670757807921699	0.06378556527935629	0.005604472318585698	0.013966147508893953
issue	0.0016970396628483413	0.005309725986922393	0.005042166278950789	0.004854936918486709	0.0039022578528774736	0.0031968898447285224	0.006192497577099223	0.01576999189766884	0.0037099617928369965
issues	0.00645999386463581	0.0	0.0009441941716672207	0.00333647299703512	0.0038069440670979405	0.012963395410041743	0.021571179469239303	0.007565937077320206	0.006855805823912947
know	0.002484790342671769	0.0007902016451918194	0.010728150693240962	0.006498959483387292	0.005839239338680026	0.0	0.005878233550115869	0.008691404862623358	0.002663240507383815
leave	0.014654252049717709	0.0005942778515847435	0.005147446537630338	0.007075118853873114	0.003982928613981857	0.012179764880230265	0.0036015253492918072	0.002471761721031744	0.005515987578304545
left	0.0029127309655800197	0.003471731845511751	0.0040872199237647205	0.008597682314599378	0.012074473567488479	0.0068588438364650785	0.0	0.009613703473225469	0.011622482571008088
limit	0.006506216340386911	0.00862091027364038	0.003827956094557118	0.00400399731067236	0.00017372910084374442	0.0	0.002893897432936598	0.0006806434423631975	0.004466917330209994
limited	0.0025898639267617892	0.004071259745274292	0.0060352179116466955	0.0070176646996708905	0.004082307054767313	0.0	0.0030563563306789834	0.0	0.00884567536340011
link	0.0036774696104560113	0.0	0.0001873016000160126	0.0014946647704746176	0.010032066536190695	0.0011796611415680455	0.00835210054767655	0.0036348728751018347	0.004726629989945652
links	0.011125468889800592	0.0017494180246092432	0.005035689373283054	0.007099369249042117	0.014502083077496414	0.0005476949783401164	0.030241926164832077	0.002934424075576713	0.002055804167910103
list	0.0042675215122756965	0.0	0.0022804857556477385	0.0032162776850098796	0.005100080689861339	8.552867096110677e-05	0.0023104328312886554	9.207987286345001e-05	0.00395596449231997
lists	0.002164848973421688	0.011301039251801242	0.00935166804866495	0.0023180445352491393	0.00701172087592718	0.0008109945609945546	0.006119040109542581	0.0035953251546321312	0.014590856168791407
log	0.007217118144289647	0.0036470845162699253	0.002010999777418468	0.004713759148921965	0.007823113407882163	0.012329667106119904	0.003411073067624512	0.006966980879805011	0.008274555334546196
mainspace	0.0029178999400051374	0.013952296749950726	0.00482565792845796	0.0034414468606263	0.007843355054700086	0.02168937503009783	3.7664409492307214e-05	0.003131369451420092	0.0086796022050821
malfunctioning	0.0026845090931177833	0.003949559447524042	0.006499143226504178	0.005605804150727196	0.014533559365267453	0.0	0.0018488645967848338	0.016739043520832657	0.0017773835920177384
manual	0.004334029932652328	0.0	0.0042051033984188005	0.0011976716415464193	0.001862072613375457	0.0	0.0028211387423207287	0.010905209687625763	0.008208983864102293
mark	0.0019158731743759074	0.0030254145171586815	0.009858247039763119	0.003230556918098556	0.010832522731657059	0.006315321160441196	0.005423442630786662	0.006321182419987871	0.0036895022327565917
matching	0.0012384902920496753	0.0076993000226150314	0.004607392902496647	0.0003116481495058018	0.013692114545606121	0.0	0.0025574132318657745	0.008370980895866926	0.003364333227747862
mention	0.001926067564654916	0.015079136523274176	0.003941748445398327	0.007399698132897693	0.011566152933318113	0.025640005168381053	0.000991644664325679	0.004285115327422548	0.006994447261039373
messages	0.007035735532675244	0.007429817146416333	0.007746361374270779	0.005387359284191441	0.007958463073649271	2.710598751377159e-05	0.005137002812735152	1.6859695031343225e-05	0.049083928371471484
method	0.006913640674227084	0.0010662959372816643	0.004715226201759625	0.005009287071751618	0.005007656824863525	0.0	9.531279782006502e-05	0.00532077499104562	0.008097123240699052
missing	0.011518491373621192	0.0012073452862926546	0.00263446174819193	0.004930905341958533	0.0056457325262635	0.0083659198581677	0.0007234497848422797	0.0038305529443899656	0.00641587169874519
modify	0.0018518923550553425	0.0	0.003078212942967721	3.975883535686618e-05	0.0	0.0	0.0030599021600923744	0.0	0.0006000736676568856
moved	0.0021536006208909926	0.007001858630370665	0.006301615408241678	0.005218463736321209	0.005246635643544521	0.00022283783195784103	0.003857230347219491	0.0	0.013352048412893693
names	0.0009264815776162262	0.0037828450619148317	0.0022338206653147894	0.005692978290066446	0.00167701317593436	0.00791248130274149	0.0042780220327974326	0.0023742449727088056	0.006287475407388217
namespaces	0.005511435114717975	0.01029765039887979	0.004762254511215408	0.007423172586936906	0.0033752250242969706	0.0	0.014085975618579721	0.0059254085127553495	0.0001887638884977601
note	0.006238154877665636	0.007161234991423673	0.01719767156651387	0.006004500035436425	0.0022541393158368355	0.010998986735445849	0.01642171526721713	0.0050666368767657045	0.0011591797621453629
noticed	0.004547390238536344	0.011055075215522306	0.002407393583382178	0.006178886436125684	0.0018305262210295808	0.0	0.005034602815678403	0.0	0.0045844376593809025
notify	0.00786438601215597	0.0005948129908036088	0.0033261634606192537	0.005420894755626722	0.006478120404300398	0.007069511349802231	0.0002421711631982354	0.017942679060206135	0.025543917125630172
operated	0.005060993151256286	0.0	0.006802469064976663	0.005521416941434864	0.007051177448487753	0.0005273521307284309	0.003962973553241653	0.0009492513851535718	0.0019016557707430542
operator	0.004791943574102498	0.01485346686043933	0.0010224427138887204	0.0023984596758830313	0.003778954987692946	0.0005096071582853212	0.0023303638574111653	0.00794804334608394	0.003605686546932111
order	0.0019370995701241136	0.0	0.005744760323468525	0.0034448411622255218	0.008166486452352104	0.0	0.003651545611610741	0.0005881659130715445	0.004820359518530251
overview	0.003915764724960512	0.001094077568134172	0.0046687542524611655	0.007529967178476374	0.005748760716428952	0.0017782909880482186	0.0019285839368192472	0.004725795413528031	0.005157404243332957
padding	0.0038758266438172436	0.005207365517677842	6.080180608936834e-05	0.004056355804508708	0.0017048460494147118	1.6622600423121173e-05	0.0028542193708437982	2.0211870811192256e-05	2.052415781542103e-05
pagename	0.008894645981853879	0.013572192767746929	0.009217687415025376	0.013079690915292815	0.007416177057392935	0.0	0.005689022690674029	0.009706522441770568	0.007518460856423518
parameter	0.005478514574255538	0.007877252894859547	0.007916418269128292	0.0036132410747084023	0.003684182692229118	0.001277775244187236	0.002496895200041845	0.0013922104256207817	0.003426182533611362
placed	0.006278388975310865	0.0014821941804151863	0.008340732701066125	0.014079609090991008	0.008239352132294656	0.013163353357007745	0.007357847839714618	0.008067210161719912	0.00514307051461097
plan	0.004932455513557794	0.020208310791036358	0.0022556269632236056	0.0042218111847166714	0.006428922574426186	0.017807433257162903	0.0010105288387899849	0.01480706701770498	0.005314565530242055
png	0.005122189455738199	0.0	0.0016747510943125612	0.0046298341569856495	0.013367007811266101	0.011974225004697577	0.006453467961200767	0.015600429101173652	0.014281839824269274
post	0.010354035455704184	0.011690560184630987	0.00964874042902253	0.0034123544589228297	0.005758514655351546	0.0	0.004203566780599506	0.0004524820959135494	0.004562913402350891
preserved	0.004421118915400571	0.002060298228306	0.0006416498064231714	0.001313316055297473	0.00013344950054906048	0.0	0.00046815151085260315	0.0008698774924666113	0.009283675209575412
problems	0.0050913521744635	0.00811336032388664	0.0049785331595161506	0.008372637705152433	0.009122194493012723	0.007398056875188484	0.004328745187208919	0.009477638798798819	0.007771867157456561
process	0.008372229966784715	0.0	0.004413579944938394	0.004402775672914557	0.008405285111261058	0.0017053645799961568	0.013692082214135464	0.005442068047595323	0.0009633161268892099
programming	0.005348479167345123	0.0	0.002776070729782881	0.00038268302044604366	0.0032301545795306503	0.0	0.0015338560184215394	0.001770425265538548	0.0
proposed	0.004479907407080196	0.005424581692151387	0.0035092037834527066	0.006617212648037764	0.012049621300027376	0.00357501880727844	0.0028682489069916718	0.0	0.01363175661297881
provide	0.0028341386584744776	0.002002066161134163	0.003772655481837718	0.004678639630005992	0.003507355363209514	0.0005486661897278624	0.0035286276412336897	0.0018027813353622356	0.0
purpose	0.004057049973898151	0.0009257579422673791	0.009124071874590304	0.00441825674794954	0.0056448189139306024	0.011988304366687946	0.0030351502500323363	0.02000840007577779	0.008393262539256426
rate	0.010597528025196113	0.0033864146962354126	0.01695770057708708	0.0035189526547469764	0.011645530776724635	0.00011148872556874772	0.006460342891650405	0.008420696083329276	0.003893680884494783
recommended	0.0012354845711558481	0.01235248867248259	0.0013433841587995687	0.0036862047782030122	0.002588517933974913	0.0	0.0018426786798134067	0.0	0.010761573269916022
redirect	0.015552886690648188	0.0032175532972067177	0.0120294911024641	0.009987050567519506	0.02356590397272748	0.006556038408421267	0.005014137305593172	0.00885910661591699	0.007970629809604831
redirects	0.005410913096587945	0.0	0.0012991840113969594	0.004801430659569097	0.001718173345529628	0.00011824099944938917	0.004090657948628671	0.0010837042657713537	0.0009934632716384817
reduce	0.0034058766659283077	0.0	0.00566778725363828	0.003908523059705864	0.0006334051086012982	0.01804393980077144	0.00408943577949039	0.0	0.006441743097031688
reference	0.0061851708293768235	0.008537060741735386	0.002843775578165127	0.00448379220206236	0.009752550597097124	0.027603305785123978	0.0021056807351875644	0.0036344071720902657	0.001841367942032433
regex	0.0024656621521304545	0.014670456269079413	0.006504322144890681	0.0028682921159399626	0.0006603111406223844	0.010394603154262291	0.0010452783291966172	0.004392168322618352	0.010783149056730492
remove	0.012454859694249922	0.005408906882591094	0.004549541304389896	0.00867334367489083	0.002036376338746924	0.0	0.007537504341384176	0.0016804694253713612	0.005081381330598194
removes	0.004485253167147942	0.002704453441295547	0.008677222500374341	0.002055021377532734	0.012221879065264755	0.016150558106905674	0.0044313679276434615	0.003862900216259329	0.009143797366458713
replace	0.0028775451829217446	0.0	0.005050859775363289	0.0032133046444607514	0.0008647163232652563	0.01313543952993472	0.002843435526492902	0.003964054700068215	0.002089911892964972
replacing	0.004223215273476147	0.0	0.006720389019833082	0.0021566877867488254	0.005582783739980812	0.04637609371623239	0.003708707447697536	0.0	0.005491677472596358
report	0.00339859920392329	0.006827342598459079	0.00942456623968816	0.006130638077015197	0.004990993293027232	0.010257751481754264	0.008499558757221082	0.005440732364903258	0.007745305667246112
reports	0.013458926971294336	0.017731116216039768	0.00753764959271151	0.01092875164561389	0.008946291802243947	0.016268593003585106	0.010923109795782603	0.012230555344626593	0.01909372681732685
request	0.007888325329777667	0.007034161025623188	0.010314551638566611	0.0055214465863032535	0.010807896157137722	4.1473231851518345e-05	0.0050718904929485786	9.625158498118567e-06	0.004224714344559208
requested	0.00808648862328161	0.0015538671567739983	0.0037564941076386783	0.00239030473750121	0.006842908276459206	0.02021917263705348	0.007908187331557518	0.0014064367597020247	0.0023106120858639415
required	0.005834111472126297	0.010883765000775487	0.005326277231211555	0.005232999805638784	0.005201373464778591	0.0027782756112959524	0.004564717778599775	0.005279104150990732	0.0012342941611234292
rest	0.0033233124621974757	0.015377368070832667	0.007699136642725616	0.0018421267692383613	0.008242711579301058	0.0	0.0011674857416118928	0.019261504841473615	0.0076975711047679776
review	0.0030921784513889125	0.00011268556005398162	0.005233590419308467	0.002641681955028829	0.009287455681859527	0.0	0.0015711479207541346	0.0032893839591339514	0.0023006046844741405
reviewed	0.0005911139748312388	0.009794702675305075	0.00817206953573786	0.004611683773108548	0.009149425102761687	0.0	0.0037577292769789606	0.03473699859458635	0.012182664622501815
reviews	0.006293510832760281	0.007760463344377891	0.0036547699968811436	0.005400079410334715	0.00503897541985851	0.012282496603016725	0.00045750142953631214	0.00018133976053110804	0.0027761154332069955
right	0.009018612856279761	0.004842139175257731	0.006282663781159029	0.004720790575916978	0.0007175879305076111	0.010383528016591616	0.005523637452849546	0.01616467167852801	0.0023797839184002577
rm	0.007065087890089386	0.003889553401544443	0.0030410803951822327	0.015493993735625327	0.0007830582140661782	0.0017725626215286173	0.02574811123006825	0.0040801116865866426	0.0038529285406088986
run	0.0027914110115881997	0.00202834008097166	0.0020326041377242204	0.002374477473528788	0.004350840021873186	0.0007873591553505737	0.000246734818169954	0.0005167760793786129	0.001992450887378078
running	0.008879061814839943	0.004083716056092418	0.0063346938261973395	0.012457549493696754	0.007288303734317556	0.015624513497807408	0.006337188133464263	0.0042977769688838	0.0030616612654043303
sandbox	0.0036697678875178066	0.011770670097783601	0.005766314837774176	0.00998824745471557	0.011594384737165373	7.377287832698865e-06	0.005261055087281822	0.0	0.006563634754851054
search	0.005585416960717836	0.0008990630140328403	0.005617209307580042	0.012716142044831593	0.0033697564635343257	0.011380674307875335	0.002574453072676551	0.003641888076067197	0.00902911254540574
separate	0.003382948981849885	0.008230977945439259	0.003842203228035828	0.003502613805148956	0.001272074989246284	0.0024446227663014386	0.0009593625852903617	0.016148715126950798	0.007645041655660145
shutoff	0.006837647910714886	0.020699180908522234	0.009707700581029816	0.012387964798289179	0.007630247809410404	0.0004502088287797598	0.004133191531994991	0.012953630602324212	0.006590490059173627
skip	0.0012782216266883646	0.009880749157034022	0.004485079723391244	0.004231852847987451	0.005632729793391108	0.0	0.0014897617196995712	0.00020982817961937906	0.001311403487977765
sort	0.005041211801424526	0.0	0.0031819069659116974	0.0014287240698152262	0.009233515091241002	0.0	0.004341923888609929	0.0013195921098280064	0.009260857976593892
space	0.005363030586885238	0.0	0.0026969261296787756	0.024489667064461224	0.0056988336867910185	1.2503584769352175e-05	0.011232620576252352	0.004070741625090066	0.0019932664172449184
span	0.0010555502525675282	0.023555263342911043	0.0019218634676972973	0.0012350935559770067	0.0003886983490953925	0.0002526869199380338	0.0035358936574651388	0.006605218211930673	0.0027208698803248953
speedy	0.00569946609820849	0.011509293338240707	0.008118258737455007	0.00250076077340803	0.008523935191349629	0.008822843320884365	0.006062182897042187	0.012577211578952205	0.011902417720875129
standard	0.011090824961569143	0.004102970080803666	0.003684649332914426	0.005741623633199936	0.0	0.007873821284238889	0.003584430777927952	0.0024232898623049045	0.0013197407934250043
started	0.006717273333351979	0.012445091693544828	0.004492668607108117	0.011696282720471686	0.0021727772722515146	0.0	0.0012262122483291987	0.0	0.008158420865777692
stop	0.002580413587122435	0.0009014844804318487	0.009297236218954709	0.004488313017537796	0.005622632273462937	0.008341318138829063	0.0021094455713674422	0.004445665366100424	0.004444381358764145
suggest	0.008241971211024983	0.011701723746133614	0.0008583525590382501	0.007990008242885262	0.0005311960827782941	0.006318409611363716	0.005225449885770518	0.0004126369965810391	0.0022392306308402546
suggested	0.0056284548470593495	0.006456185567010307	0.002330527484746547	0.002861784156832069	0.007424366688778094	0.008059628125113447	0.0006817142732735349	0.006324372383623819	0.0008204331325159183
suggestion	0.006071160289375354	0.013179237229248141	0.005521298670144734	0.0014378205043390844	0.006078022840765735	0.0	0.0049027592940939745	0.0005410499150786042	0.006837513660037059
sup	0.005861649006320217	0.0039059251559251567	0.005998846322792241	0.006493724734853296	0.009287737555960228	0.01124579124579125	0.009061348132169593	0.020333665777556534	0.0
supervised	0.00045306273906183534	0.008815329032516417	0.00015437670744227315	0.0017740839509142459	0.0012602686560727917	0.0	0.002045025644525359	0.004878421785521935	0.0017398716964752866
svg	0.0016752768819636465	0.008591189013521818	0.0008298927216912617	0.0022984653923137097	0.005727067001140399	5.416227410332981e-06	0.0059891931102881825	3.5229295247332677e-06	0.0011209371084616097
tag	0.008896541342313498	0.0036095059442438834	0.03363392463334085	0.008632892339569695	0.01055039386840135	0.0	0.03571836506714625	0.008369606144588957	0.013931720198979702
tagged	0.0033347221886146626	0.018284912896719286	0.020159213687660816	0.008453687445222657	0.005242860771484901	0.0	0.0047028834201624185	0.009129249532756572	0.0
tagging	0.008191601154726984	0.009901996465430132	0.0289229055524513	0.007381118867222139	0.006439721095128191	0.002149797544159599	0.013385228668665882	0.004249020637292515	0.011867534247291155
tags	0.004359665205704788	0.0	0.005898123904554091	0.008621752414356507	0.006442191830028041	0.0021401064812683547	0.002450561017737245	0.0032695442928030857	0.005757144523023217
taking	0.003555001946993569	0.005975260629503754	0.003538614048956304	0.006363781135754014	0.005344630031810925	0.0010840408646947534	0.0012020019266466135	0.0056299934692735825	0.006470082155008473
target	0.0018194268700400622	0.02138762212745577	0.009422775359211714	0.005300151163028313	0.009465252652748054	0.0010872862830027881	0.005374693974861461	0.002503664712153517	0.003271607637058814
test	0.0037884812940340005	0.0003055374857700598	0.0051803406265003805	0.003136408875380258	0.003991902252402644	4.499326448134885e-05	0.0029659774706152944	0.0011823944424545828	0.0063535016652136265
testing	0.009812814333797817	0.010227170977322553	0.004130693160800673	0.0046077981080594995	0.005197122321108939	0.001942668820623093	0.015050894417152683	0.0	0.003990073803350848
toolserver	0.0056497597696426646	0.016979881511864473	0.00797181664222573	0.005049984183144422	0.0015929150974754677	4.247191796845672e-05	0.008188562333149099	0.0007294169032539875	0.0064944673425353806
top	0.003612883607297982	0.0	0.00030674138177280003	0.0008266848618241413	0.00028020180604644454	0.00071908400967065	0.0020487615225840456	0.0009933617070201888	0.0
unsupervised	0.006809507570331974	0.0024660784469396437	0.012761734516149004	0.0066657371412274374	0.010325994817840207	0.011133333333333422	0.005232166799522054	0.0017655539181136663	0.00904938426929228
update	0.008815195252099381	0.000963463225876335	0.00895763206681172	0.01387494738696958	0.0045270736716790435	0.0046476913345983506	0.010513237255447564	0.0037216882443278166	0.006461661542466459
updated	0.012448627868171403	0.0047357763141477015	0.013993178980166707	0.008482430971503599	0.002911113232743943	1.4462835944034685e-05	0.0036620590577344896	0.003784021242424557	0.0016966554371220497
updates	0.005538927003085081	0.009482292310976992	0.013729012356280438	0.018733258964089873	0.0011483241040719325	0.0	0.009872110830784962	0.0065914012942910214	0.003507569514197986
updating	0.006389747551054525	0.0	0.008118457544739083	0.025331644045976036	0.0034235909914391684	0.0020496516114051843	0.0035473159961683432	0.0028421789365374525	0.005086911522025451
using	0.008902558094656145	0.0	0.005370846566799223	0.016192551052202284	0.011078850751770206	0.0005645257939358302	0.014689085741804128	0.008805814741126159	0.005976260492138772
view	0.0027293276059742696	0.009737398843521369	0.004557492489593094	0.006606388334018781	0.01043656756180407	0.0	0.002137180666800866	0.0014847882959149314	0.004092034541742455
vote	0.0013554947851687198	0.000969960272285853	0.0018181427302082702	0.002218312402362822	0.0	0.0	0.0052540549754377525	0.002613256445214507	0.0007705595149240659
waiting	0.004019692001061294	0.0016153289279992964	0.00964432468045988	0.005551497430722448	0.004594827154001181	0.0	0.006149848618199538	0.00012624498018499707	0.004262884357917715
warning	0.015011613454842069	0.0	0.010285286643482853	0.00832906262571476	0.0056481669607083935	0.018634153522488674	0.0026243577798821076	0.026720824516471103	0.010761664759294772
welcome	0.007025015707279279	0.01397863296206408	0.0039341811256243114	0.004230126673465891	0.014171901010446467	0.030661415647700797	0.0027816386543714987	0.0046977824515109	0.008539633692471762
working	0.005368777008951029	0.007103474307396873	0.01054151326455054	0.009122801994894918	0.007500399249125137	0.009095277759979504	0.006556617731487977	0.009695681159746788	0.006634866284917956
works	0.008891918473780503	0.0016164357563104945	0.002062132506184539	0.0057018354168678325	0.01502607244470051	0.00012411009072748737	0.0042517833838391994	0.007787476333872338	0.008327024269647916
